10000 10000
1014 58
9691 7648
3352 3788
5349 1844
3348 9459
1920 2461
4216 3544
662 9497
365 7508
5279 527
8541 476
4756 3705
4607 466
874 9122
6981 8867
7317 463
7113 2466
1265 6097
7152 1339
5215 508
7627 3298
5725 6270
3072 923
3492 6495
181 4435
3950 5254
4049 2977
4995 4373
9911 2387
3373 8813
5426 2213
2421 9218
77 2783
1438 9563
7680 2651
2294 1691
1892 1382
921 6056
6850 750
4180 7631
4329 8163
4337 1122
7473 5662
6822 4052
271 5201
1368 2251
1374 3913
3230 7887
2730 3265
8751 9900
4636 2193
5698 6651
6113 8898
3150 2792
1506 9214
6556 4241
5172 3827
4295 1733
162 9466
3504 3201
3353 8154
2813 5318
33 6146
1760 6622
6291 3322
9667 7678
1427 8473
2898 5132
1784 8562
8178 9106
4572 3977
609 7982
5862 7358
323 8343
2494 7222
5972 9782
226 5397
50 4385
6389 8931
3201 3043
4559 9187
145 8326
1844 4101
9573 1228
6071 570
974 4572
7415 5427
1144 7475
1203 9944
999 4986
4764 7106
6735 2493
8257 8834
8575 613
2761 5289
2050 5565
1927 9529
8961 3019
2873 9512
4604 9465
6612 6550
302 3188
6390 2040
4006 1963
1920 2467
7098 4818
9607 6459
9170 4193
3842 806
8422 6448
9970 1996
3932 5358
4677 8235
4879 128
6097 3448
911 3286
9063 1940
8718 503
7005 9181
3915 2331
6311 2274
6943 8350
6722 7340
5427 2381
8909 4925
6847 8458
7721 70
5870 4118
4337 2593
7593 1349
6568 1645
1153 1029
217 8018
3940 4733
1875 3502
3058 197
3176 6602
2033 4925
6897 1680
9569 8904
2925 4353
611 4010
2280 7441
4603 420
6881 7228
7580 3501
923 5830
3294 128
7058 9578
5734 3123
7084 3857
6612 3847
5323 8402
3241 5429
5051 6142
8728 8706
2070 1583
1547 7740
6654 409
9084 4423
244 3738
2932 2607
2429 9187
3219 3331
9900 4301
9780 7211
9335 8683
1703 7198
442 2741
644 6626
744 3345
6643 5690
8622 5043
4085 8260
4355 1168
6888 4844
33 2087
8709 9126
3048 4441
6936 6968
5695 8294
3711 6259
2267 5150
6661 1442
2843 6799
7440 9204
857 4911
8488 4010
3369 2401
7689 6316
7774 9767
1816 9885
9311 7754
6738 2608
4245 6835
405 4475
4306 4150
2535 3553
2811 9235
483 700
1939 7471
5111 5897
1830 3402
5496 773
3799 1409
9000 1605
2575 7479
2772 499
5151 9295
7338 8790
7080 5384
6550 103
6007 57
952 5773
8383 6914
4407 3409
3168 6397
1110 4257
2769 5639
1582 4705
9203 5783
9986 9164
9414 1956
3639 4106
5873 1912
8241 2845
2663 1319
857 6455
6097 6673
1434 648
3692 7249
7981 7754
8787 7102
3444 2811
8230 9640
5077 1822
8013 2830
3783 994
3127 7640
4278 8912
1611 8471
7476 1277
5941 344
9906 9591
4211 5712
3089 7946
4518 8197
7562 1356
6577 1312
1263 3202
7497 8781
9355 342
6447 9429
3147 888
1724 5528
6728 1208
4625 7286
2113 3829
612 4628
6442 9063
5918 827
9879 1454
5467 9431
4516 5952
7882 688
4229 4257
4745 6740
1470 2339
1340 1118
1526 498
3008 3947
4955 5305
7510 867
7734 9174
6924 3473
5821 1042
6538 1706
8127 6608
2988 4107
4453 5713
1260 6184
4822 506
2456 4617
1853 7971
7343 1213
5020 9130
99 3576
6397 6139
5951 505
2533 9871
836 9838
5561 9550
7380 1248
826 1335
4780 7085
5038 8617
7093 4038
2609 5099
3113 4281
866 2199
3102 5843
6689 4471
8322 6950
3665 905
8869 5433
8910 3384
872 5175
8431 7752
4143 9262
6159 7345
150 8982
8422 6219
958 2404
1730 6968
138 3450
3434 2091
6056 578
7711 753
8579 5700
6270 1194
3047 8015
2601 6482
3481 3130
5013 1258
4636 4525
1127 1820
8118 3184
268 9741
9137 7138
3579 3112
4140 6782
6732 7562
625 6454
3952 4120
5177 8279
5217 4190
4295 5096
4024 6985
4929 5158
5217 2516
3707 1099
5648 3171
313 3919
8248 4877
7324 1320
3716 341
3334 1210
3865 5769
6123 4704
8632 1568
3790 1502
6365 9585
3816 8246
8366 7966
5034 485
9837 7000
4509 3515
1592 3150
5993 7674
1974 9728
7634 5899
8168 9531
9355 5195
5098 8433
4133 8032
5511 4577
1525 983
329 6529
9347 966
1383 763
6805 5663
4920 727
5161 6075
1436 4575
3848 8784
2158 5048
8089 3590
5633 726
9901 7701
1070 4577
8520 9977
3089 281
5889 6397
2435 1335
6599 2013
9614 97
305 483
3331 9316
6339 4606
8526 7527
1286 2735
5547 253
8886 8685
396 4804
659 9250
892 7691
8476 9091
5743 4026
2017 2230
3287 9007
5404 9823
7430 8930
7635 3258
3673 3358
6147 561
1762 680
6674 7402
1793 6730
5748 7385
4212 131
8904 8061
9560 9821
9327 7363
1408 8976
2790 3766
3885 6508
3486 3261
2102 1580
910 513
6242 877
8898 7231
4406 9526
8532 9167
1552 6545
18 177
4211 6744
178 5666
3 4801
4367 8654
9818 5295
6583 8934
8507 6746
953 1644
4549 4264
8757 9940
3353 1215
2948 3415
2479 2143
7525 6545
7281 7986
9791 9087
823 7760
9823 362
1028 4102
2563 6403
5095 4161
9265 8479
2278 1102
5997 9713
4005 3004
6252 862
1660 997
4329 3954
6963 3989
768 7885
1595 1608
2444 1778
9517 8290
5399 3555
407 395
8899 3676
842 7365
9496 9665
9161 9507
8104 2439
8885 428
2013 7377
6661 3372
4435 2567
4257 4422
6203 9405
43 4904
2269 7773
3951 4233
1778 7148
8887 265
9117 2894
8077 2767
4917 6220
9947 955
6715 7335
6634 6601
8453 8370
7170 6896
7655 5091
6462 1179
2192 2023
3813 6532
9897 4116
489 3783
5061 9792
9377 7150
2316 2359
7577 8712
2734 6315
1318 9187
8452 5204
7738 4617
3908 239
7564 6608
4317 5712
7745 5785
3844 4138
2043 5070
1463 7393
861 7877
9389 9062
748 7880
9495 2521
7743 8677
5441 1250
4450 8983
1645 4916
33 2330
1282 4185
6547 1857
8256 5129
163 8731
2506 3203
5108 6542
6419 7797
899 2952
3205 9678
3322 4595
630 2370
1397 243
9394 5057
9899 5102
8779 7912
4470 2479
6049 465
5821 5826
5519 1462
5693 1641
2410 8795
6998 4597
9241 5920
3172 7493
9632 2648
1940 7766
6393 7752
6690 5283
2521 3585
9748 518
1367 3277
9986 2590
7839 3731
9122 3067
3962 5377
4271 2911
5633 9399
2603 3317
8192 767
5326 5277
1432 2173
4141 9099
7472 4062
1791 661
2860 8747
4760 4242
1398 1257
5218 6444
1435 6124
7870 1651
1017 6493
9438 718
1143 5169
3947 9973
9811 3079
2684 5191
7981 4405
6252 884
9610 844
3090 3409
4178 5362
1010 9195
1932 5689
8741 4336
8085 3294
3221 3892
6658 9903
3944 7387
9472 6926
5862 6670
2154 1719
8096 8454
9529 374
6310 7561
600 9289
2276 8315
1631 8293
6285 6989
3211 8326
8921 8999
2992 928
3247 305
857 9368
2027 7516
5256 8932
7453 8710
7629 1255
8158 30
5206 9086
2819 2545
7558 4338
1397 2305
2735 770
3851 7261
9994 8527
5822 6109
4856 7733
5397 4421
8010 4375
7285 5218
8044 1568
3512 481
4424 9176
5018 6868
8759 8367
3703 2464
1249 9343
4355 1136
1390 5867
2395 7052
970 7147
2824 3370
8657 4745
1366 8644
9143 638
3757 4791
7855 6501
6718 7106
4657 2238
2582 8410
5113 5121
9265 609
7562 2935
8950 475
25 7560
1165 3949
4289 871
5519 1706
2362 5950
5481 44
4081 6677
8902 7961
4348 6388
178 8945
9468 3138
867 6939
2321 2489
3790 3266
8290 7834
8388 2407
6860 2640
8673 6475
8213 2639
5350 1555
7108 1903
8494 2915
9776 2580
5824 8542
7118 4997
7925 196
4415 9567
7910 9028
8044 3584
3758 8785
6352 2212
8100 1781
4533 3099
4348 7201
3002 3360
7404 8844
8284 9093
5507 5280
2410 2996
1583 1780
5891 4466
1975 64
1797 3746
3696 8413
3041 4321
6981 2715
7284 1568
8307 3641
3864 2779
5316 2765
6758 4873
1210 3353
774 8000
6832 4921
2742 8306
3131 1109
7657 1667
3491 6805
9116 6491
783 1930
371 5467
9194 4229
7247 5803
3178 437
6672 5743
3712 2923
1950 7863
5189 9828
4341 2377
6140 3284
1092 3854
6115 2286
3088 6847
5991 7342
5461 6427
7900 8075
9646 2580
2660 3952
2930 716
601 9890
9415 8156
6144 1073
5266 1177
9121 3733
3909 432
5108 4998
2026 6515
2411 3134
6539 7403
4403 2110
9645 2045
744 9397
272 1967
561 7576
2932 8953
3953 1915
8713 71
3911 5572
7377 6074
3361 3859
6978 1431
2610 3669
4542 6491
7525 5555
6524 1187
2588 7418
1259 7254
4438 2326
9240 6432
7797 5508
1282 9443
7623 869
9049 7681
6748 1126
2016 6081
5231 9792
9692 9837
9506 340
6866 2352
8815 2989
1080 1601
7292 4842
7601 5595
6671 610
2379 1556
8867 602
7313 8582
7279 4486
9343 712
2346 3191
9260 5568
5661 5455
3551 3919
6344 4516
1229 7702
6418 7294
5858 6588
4360 7338
1526 1498
7477 7584
5726 3289
4628 2321
116 7520
837 6951
6447 7904
7575 1766
5384 7190
4997 2381
4098 510
8129 7327
5008 8721
8483 8592
3129 3931
2329 7225
4495 9329
8971 3784
9560 5835
4688 6802
3990 8827
1125 5975
2290 9897
6627 2428
2189 5558
3022 5266
1947 1977
7108 8475
4837 6895
2137 8293
777 7807
9672 1765
4795 2791
1765 987
5200 3456
2614 3075
8758 686
8399 4265
7401 2101
7313 9832
7734 5442
8456 3985
526 7112
6851 3908
4787 1265
5776 2047
2033 822
2206 8628
5837 7858
5960 1069
2722 8700
2462 9538
2256 7082
2707 4536
9980 8589
2561 9056
6235 2996
102 9781
4523 628
100 6106
4504 7264
3015 126
9384 5895
809 2578
7827 3927
7403 349
6392 78
6322 7438
8945 8188
511 8940
3226 3103
4302 3008
773 2184
9245 1612
2585 670
848 4788
9697 5376
7121 1386
6527 8051
2481 9680
4284 8285
9390 948
7642 2939
9650 2999
2040 2606
9610 3399
2448 5972
5836 9847
2681 6123
5770 7574
6663 3888
2070 511
9729 7899
4281 4070
1578 6495
3514 5480
3106 8355
1908 2490
9836 6364
2374 4330
609 6426
613 3609
3722 7924
5787 4090
8432 3501
1511 9776
9956 8997
8901 3717
5996 9429
4005 4329
7453 4643
6541 3185
148 618
4425 7803
2323 4195
9222 8892
646 8254
5969 6225
4339 4897
9009 4596
7367 6345
1733 7800
5174 1250
7252 2327
5196 3511
4292 917
1926 5832
5241 4326
5208 1110
4836 8889
3319 8744
5144 9831
6880 8006
5781 2817
3729 3593
3654 3581
6778 4489
1361 8078
8492 2168
8295 2534
1261 8132
6706 5541
2773 4424
3955 8917
3579 5983
5080 1036
7123 6556
1979 2779
7213 5097
3954 8341
8423 7178
9849 3763
9579 9161
3347 5817
5251 9798
2427 2777
1720 6274
3190 4273
1684 592
8681 7912
3794 3487
7458 8558
6472 8948
8411 3339
5177 5344
4518 2587
9264 2195
61 9913
9762 6692
7591 3678
6213 8476
6146 4954
5793 2509
5318 5783
6984 7679
1015 8845
3682 7813
3842 1026
8891 150
1353 3853
3045 7695
7716 3181
3100 6935
9209 237
2698 1421
2429 4032
3031 599
702 5846
3246 4290
6175 3585
7932 972
9296 8471
538 5811
390 619
6497 8051
5021 8296
7761 6149
1757 3102
8944 6565
5089 8574
9933 8652
9656 1631
729 5867
1388 5398
7905 7334
6552 3321
5044 6849
4996 6265
8128 1580
2749 3557
5024 6450
2633 7815
1508 3832
3418 6681
9817 7534
7332 714
4558 105
2760 7205
6432 5994
557 7406
2097 3777
6332 5861
2126 7676
2929 7198
2986 4067
4785 9941
8368 9831
6204 8845
9503 9078
389 8168
9081 9222
5011 4373
3448 2320
2043 1694
8738 7234
1941 2817
761 8098
8479 641
4210 6245
4081 9695
7145 6890
2703 4713
2581 5221
4316 5558
3023 438
8883 7238
1101 9133
8864 6656
2602 4386
9290 8145
6350 5084
9729 5928
2427 7225
4668 1306
3516 8709
3451 6253
5343 2950
5540 7495
1764 2561
688 4179
3434 7492
5704 3174
3077 8911
1361 3049
8056 8700
9479 9528
449 3665
8519 8741
2516 5630
2005 2492
6813 738
1714 5178
2783 545
7256 3818
3690 8035
4389 8214
5805 9125
4693 5675
8563 2247
8048 9173
5277 9936
3177 117
9909 878
6360 3425
8653 253
1464 2013
2689 2412
6769 970
7095 8962
1916 1682
7671 6740
6651 6036
8849 18
8421 1081
2030 8453
8832 8631
7855 4771
5962 1066
7653 3913
6951 9138
723 902
6737 9061
8963 8052
7305 8441
768 4207
4263 6754
6240 6455
9213 9470
6813 9849
5414 2652
3148 744
5284 2530
6493 4258
6286 2279
8904 54
3340 5451
6523 7734
5117 490
5744 9697
4744 6347
6500 8634
5705 5496
7426 9283
7142 8974
5395 5370
3207 1500
7678 7538
4694 3841
1965 76
2047 9682
3202 3865
8899 9619
5441 9479
4300 2379
6534 733
6818 8016
3262 5477
4660 1645
3797 99
9644 2739
4289 8849
6037 6644
193 2537
4492 2645
9775 3577
9772 6366
2437 1973
1140 773
5391 672
7818 3265
8487 2600
7895 8218
2906 6991
399 8455
641 3958
4481 9507
7177 6113
2231 5377
6903 8491
6525 9644
1422 8635
6399 7512
4331 5631
9097 4787
8788 4776
6488 7691
5740 9997
2869 3765
323 2622
4135 1939
110 7361
3378 6499
4317 4579
1157 8320
6592 4471
4896 4208
1574 8399
8476 8364
5353 2633
4076 8276
8305 238
537 1825
3457 7234
3096 7573
4639 6813
4602 9864
8853 5075
8770 4701
99 2060
3256 2711
512 4353
1573 8182
1041 5266
218 4049
6823 9870
1661 9937
5744 8851
9717 3297
9526 8077
1199 6438
9710 2927
2917 6335
4079 3793
8217 9812
6909 1553
3407 6670
8337 1405
8928 9013
41 3903
4682 3916
2098 9617
3599 7171
8121 3829
2183 3103
1548 5585
3588 4098
273 4680
7837 6959
5039 3945
2861 2114
1379 9829
3626 3383
4849 7413
8890 6832
7250 3095
9908 1422
172 820
1011 6985
19 3833
2054 83
610 7362
4207 8700
9457 3840
4073 5080
9284 526
6221 6155
6493 4386
3384 8804
4793 1378
481 7269
3117 2919
7815 5251
1905 7671
1116 2567
4131 787
8478 2943
7412 1120
7875 8481
184 3784
7353 789
8035 1837
1660 9809
3429 6163
917 8308
9828 1803
971 9421
7327 9649
3668 8124
7712 3246
6764 3044
2872 1021
5905 7680
4177 3599
3848 7282
120 8098
6183 521
1087 9559
5079 4135
1209 9054
2535 4069
4820 184
6465 7883
535 2960
7855 774
711 1802
9401 1102
1820 2148
6217 6637
7109 8540
4288 7825
9479 6372
7104 8292
9230 4536
8110 3821
3147 5654
1433 4173
630 3015
8670 8947
236 6147
5062 7722
8190 8478
2673 398
9759 1085
6543 4584
7072 1736
1037 1692
9118 6694
9598 6679
5252 4686
9779 6792
8861 3964
9480 5888
2464 3890
8950 6706
9632 7789
903 8223
4659 4489
3478 4109
2175 6546
4827 3119
8672 2202
4582 16
6625 6745
6620 4625
400 7145
5436 4137
9304 5959
5751 713
7638 2815
2708 4914
126 5573
8324 5554
3073 4210
4137 8581
9355 6161
8895 588
5098 9325
5298 4401
3783 7953
5110 6986
7878 6576
1714 6124
3596 4187
572 6591
5268 6164
9147 3054
5073 8575
2965 7773
5047 6055
2473 1774
6376 634
4103 3270
7360 4430
6672 3457
8828 9581
4248 6457
3427 4879
5476 4442
2241 9244
209 1772
5063 8218
9317 584
7552 3757
9735 724
103 1172
4588 2421
3432 5467
4169 5456
3344 6652
7534 9452
1028 7355
3317 2428
5909 484
5556 2627
3950 8074
3108 493
2791 8276
1806 6543
8491 451
1879 4235
9055 1595
8256 9681
5418 9179
3040 8051
7815 6
5334 5616
1009 8664
5913 5268
9556 7196
5853 1585
8583 646
412 2822
90 3443
3721 8410
1038 4248
930 4739
3978 9211
3166 4162
4041 3612
6436 4867
814 4859
7438 4880
7345 9020
2241 9213
4880 4817
8260 5125
3661 8857
5490 4627
420 8314
7012 8624
8805 2866
9387 930
9911 1559
689 1131
4937 8236
6163 3649
6562 5525
7804 5711
9196 6536
963 9915
2825 9551
1154 9669
9752 2589
4698 4997
1423 9588
9008 8891
3299 6852
6257 3835
6109 3989
7054 3882
1223 4283
9476 2346
5727 7212
3364 7565
4099 2485
7880 8613
88 1929
2559 9367
1442 4235
964 7869
78 5997
9910 20
2712 6037
1277 5746
3998 4845
4238 6940
1700 4304
7542 3043
9744 4952
275 9054
4864 5708
3981 113
5445 6710
3600 6685
1929 3976
158 5089
643 1036
5250 7977
3859 8803
7060 7958
8873 7553
3398 5774
5548 8325
3344 6217
102 5092
7889 3388
3401 2071
6807 7415
8653 5601
7483 6463
7471 854
7556 8622
8184 7395
6546 9086
8648 4478
7795 5383
6759 107
5091 811
6122 5852
3893 8509
8453 4837
4508 5709
848 3859
8625 3710
4537 8419
3678 8390
3253 6488
4808 728
1935 9272
4464 2089
2914 9450
8254 7070
7923 9329
8234 7591
9914 8335
7619 8222
5865 7946
1157 6424
7981 8437
5175 1575
7457 5536
4609 9028
281 2945
783 2206
4716 2307
2547 3705
9507 2933
4519 4865
7996 3266
713 7085
8958 9294
9369 74
2069 8873
5999 7228
2090 2006
3074 2570
2923 6306
6169 6576
136 1029
760 4956
9065 2961
1497 2281
2736 3308
955 6367
9683 2315
5984 3546
8387 5731
2322 7047
9428 3196
6447 3518
9044 1464
7302 7233
163 8273
3354 1652
4750 7833
4627 1950
8962 1646
6531 9939
8556 7824
9912 1315
7000 6684
7493 5092
8719 4006
6200 2706
9 5055
9700 7446
4734 9048
9586 5480
1855 3924
386 1306
4503 6006
2539 5245
4946 5401
845 1972
6101 8177
7834 6068
6198 5143
970 4326
4295 5693
7238 3819
8785 7125
796 8524
9317 2036
7296 8055
3830 6665
7741 1884
5137 9232
7316 5068
3746 5990
4091 8443
8248 7174
8896 8536
5032 5792
1838 3783
6616 8592
85 955
7252 2967
3507 9584
3884 7453
6432 7503
6079 7499
9267 286
5660 3789
4666 8497
1426 2534
7713 1484
6483 5885
3318 8789
5421 8546
2302 9609
9810 4068
9199 9948
9723 8884
8374 1024
3479 3769
5669 1345
6303 6904
3357 5339
8069 6423
6748 8403
2152 1130
1171 4553
8809 5968
2779 7457
6941 6617
4173 42
7608 3452
8194 4502
3864 10
3356 4353
1423 5316
6913 3072
1497 8628
5141 9793
9365 7924
9065 5494
729 5719
1933 5603
446 1759
3068 2348
101 5946
488 3398
4399 7330
6039 7005
3359 7949
238 403
8619 1407
5419 1594
5688 811
8160 9857
8638 4218
6248 9880
9631 337
3529 7595
1148 5122
5196 7505
8381 7050
4822 4955
5779 8492
2163 8000
2026 4461
1264 7245
4554 2051
523 2685
3101 486
7026 3773
3316 4742
6488 9190
9790 3633
524 8871
1778 1722
6815 2677
793 922
1209 8208
8387 645
1572 9522
6856 2984
4918 7026
7730 472
2989 4968
2671 4939
9293 425
3225 8290
4395 3428
2224 140
1887 9774
956 4142
7647 2557
2879 4096
2367 9760
8335 9291
2659 8559
6740 2114
2634 3524
7656 1379
3070 8070
7433 5170
8026 7856
1938 9131
1786 2371
7670 1599
9373 9319
2409 9192
9432 8017
7847 7616
5588 8761
1932 7016
9074 7780
8905 4423
7768 9041
7211 4148
2259 184
5873 6615
4130 9545
2777 2212
8608 9220
4461 5846
8356 2494
3315 9318
9531 9730
1367 8421
3631 3305
8882 7487
3331 4148
2383 4620
3015 9165
3525 5295
8025 2756
2876 4282
3714 9991
5039 867
8490 8951
9536 6555
1707 9063
972 5755
4528 4429
1185 8988
7895 6797
2561 2267
4220 8912
5346 2554
2954 6237
4816 8153
8891 8373
5668 6340
8541 7638
1005 1717
768 6270
7624 6767
8790 3647
6854 6638
2576 2550
4329 6473
762 2813
6985 3466
4644 5484
8932 4613
648 3632
4407 2802
803 4279
790 7999
9354 2224
4675 6145
6034 6327
1981 3018
7900 2827
8248 1948
7148 7678
2934 1838
9787 1562
1478 5291
1395 36
8614 7493
5005 6046
7540 6958
2086 8523
552 4745
8363 1462
3506 5613
3660 4886
8358 5077
822 7815
5076 5495
7494 7933
2453 2934
2833 2903
6672 3142
1873 6423
4620 7466
3870 3280
9825 2518
2312 7203
3269 6967
843 6234
2352 7
8348 8000
7437 6333
239 3600
9498 4997
2199 8975
7231 610
179 7393
2960 8634
4068 2975
1743 9319
959 9835
4491 1090
4903 2810
353 530
1519 5137
9980 5828
7836 7392
6209 9566
8100 4757
5003 9803
3290 1220
6217 3487
7095 2086
2101 2576
5368 836
6594 9002
9663 7656
9121 2411
924 4310
9465 61
3143 6129
9641 6127
1925 8114
1017 2371
206 2762
8525 2614
8199 8293
3891 1911
9250 1479
304 3394
5310 274
4116 4062
612 672
2453 7015
9829 3580
8474 5374
1004 9468
5818 7670
1043 3520
7324 3370
3839 7337
1262 3430
7486 2302
3277 5996
6838 3527
1873 6721
7866 6550
6554 3518
9458 8377
173 5499
9497 7738
5146 575
5706 2531
6012 5929
6406 119
2067 5077
783 1638
4661 997
3509 2082
6715 1876
7116 6462
8983 4821
4530 8633
7951 5619
9990 3256
2195 1296
338 3902
9324 8031
5723 2139
458 7238
7021 9944
5120 8725
3654 2475
5150 2172
1604 4254
9810 4992
947 683
5513 8829
4152 7447
5595 6409
9942 579
5198 9546
2034 7652
6758 7279
2205 9441
2381 6098
5691 9857
4674 3192
4405 812
5304 2050
5425 5957
1151 6812
391 8668
871 1798
9658 5958
326 5992
3242 1872
802 6500
9440 2652
9303 5665
7960 4395
9362 1236
1433 5658
2790 6700
1399 7441
5227 7066
2095 5220
4305 9172
35 8862
996 5798
7600 6899
5802 5874
2496 7948
4682 9644
3652 8877
796 3609
5620 5775
7468 3073
7628 6596
7507 2680
6190 8809
5099 2897
2373 7145
8182 4931
299 6366
9840 364
5766 1333
8011 309
2608 9603
265 686
5535 1742
5141 330
6731 8153
882 2120
7404 7206
9883 4597
7634 3194
7173 9551
4513 1711
3054 2386
8979 8111
3713 2840
8858 1332
6176 3194
9324 7066
2809 2131
7080 5651
5167 7418
861 4210
7573 1707
5202 9551
8380 8056
2755 6024
6472 1017
8595 308
415 4053
2909 7667
7258 762
5368 9863
2239 2037
6165 141
9985 273
9989 7911
25 6168
2386 6586
8463 7706
508 9781
5034 85
4399 1013
6454 2625
85 4483
2088 6338
8536 9665
2618 6553
7653 7115
9971 6117
6795 3154
6057 8873
4616 9638
4429 1452
383 8140
7258 8751
5506 4717
3729 3281
671 4604
2389 6772
12 6453
7243 9616
9306 8018
1475 469
5263 9439
5504 2611
594 6650
1219 9729
5961 945
839 7244
7777 8946
1566 4508
6996 5801
3270 9683
2692 2097
8435 9113
2806 9692
6002 9366
536 5950
501 7957
7153 1525
1135 58
4410 9137
8462 1688
2622 8545
7952 5220
2189 6086
7846 749
1614 5380
2895 9890
5796 3812
3651 3332
4314 7225
50 7973
6239 3399
2140 4691
3818 6167
838 2278
1658 1194
725 6492
1974 3380
1065 1013
4559 6563
6519 5534
751 4635
9312 4104
1663 4285
753 7803
6119 2269
6517 2741
9526 7338
5880 3826
9212 297
3698 3285
3044 6816
4515 2442
1519 4755
3373 4451
637 1109
9020 5285
4802 3307
3819 7729
2914 8420
564 661
2220 4726
4203 5378
9518 4097
8129 49
1667 5654
6104 5687
9548 3180
7182 4456
2625 1667
653 5825
2913 2240
5098 202
5679 8272
8934 1760
8568 9755
9277 6664
7057 9486
3678 9648
4191 5065
8560 8379
3775 9851
5101 9735
9059 3518
1400 114
6634 3917
1519 9842
3803 6442
674 8907
506 1650
9336 2654
8966 5266
1782 1987
5491 8498
8549 7278
1038 8427
4206 4602
9216 8582
2449 371
9854 4551
7902 1004
9061 5150
387 8096
3220 9607
219 5410
569 5263
6449 8672
802 5320
1882 7671
916 8168
9342 9815
2526 1582
4332 3030
4203 9967
4906 3150
5334 267
1485 3003
7052 1598
7133 8756
599 4005
4540 4791
625 2779
6035 2891
4607 1439
842 2641
7115 9714
4074 6276
8183 7487
6088 2644
4260 65
8904 3666
942 143
1320 9334
646 1372
4429 2831
2114 9077
3004 312
2331 5860
7763 7288
6210 5044
2749 1302
8003 1537
3310 8800
2878 3282
9685 7697
5403 5599
577 8089
3013 1668
4120 239
8121 4921
7801 4901
8991 8188
1970 7961
663 2142
5937 8708
8787 9513
4620 2814
6588 3334
952 3954
3364 7731
3046 1785
241 5205
2725 9171
8108 8409
4191 2045
3125 7325
5174 4856
2617 4575
310 8934
3998 4590
3112 7075
5769 111
9169 5165
7570 8630
573 6086
5271 1318
5626 7582
9885 4800
2229 2431
7844 6894
1264 3757
1188 3541
3681 5661
218 8088
9597 9692
5602 6771
1795 2130
5551 7979
6942 9235
4266 3556
3671 6741
4888 6355
2030 1514
7479 8487
2326 8069
5751 2381
2140 6740
9509 3852
5286 2353
4436 7210
3275 2847
5728 2125
7734 9315
8971 981
1192 9493
6700 17
3421 4366
3294 1892
719 6114
4258 9659
8544 9093
5658 6741
4542 5892
7392 6994
9256 3145
9403 8464
2285 494
5514 3181
457 9559
8488 2705
6958 6828
2897 6153
7259 7031
10 1547
5953 7019
6566 9938
2237 4438
6665 6787
8776 7437
912 718
1552 6441
7427 8216
3517 2172
2603 6923
1940 304
742 7261
5059 7533
1786 8851
584 4789
2685 5573
1594 1381
7597 8451
8645 1365
8514 8758
8284 4351
1391 8562
1790 3518
5033 5817
8157 4731
7238 8106
8358 9038
91 6976
4835 6204
6070 1369
7585 6594
6884 1098
5359 8948
5788 2229
171 3392
9664 8416
2834 4192
9122 1379
6233 6053
5175 262
755 217
9065 4843
6928 7150
5192 9535
5348 3623
6359 5535
4315 8304
2741 6420
4547 2347
7102 1042
6552 2003
8234 8346
2355 513
1667 8438
4660 2094
3160 1306
7548 2714
7041 7657
6110 5650
2003 3258
75 1036
4957 1000
8015 6416
5487 8743
7468 2866
3698 3287
6039 6863
3953 4279
3654 4080
3319 6567
9815 5469
416 3114
8437 2482
4690 1435
8993 1304
3283 4638
4487 1324
6874 1777
8755 49
6364 5550
5303 7388
2181 1580
4116 3203
266 7924
899 989
2208 3711
6949 2683
1246 8332
1972 6867
9270 7604
4455 8610
8365 7370
3358 1173
5322 7786
7138 8429
7693 1547
4085 7197
1516 1238
5270 3030
7173 8738
6514 1360
545 6670
6751 719
9881 2340
1929 2730
7358 416
6915 2836
9889 8603
2598 6250
1777 6632
6177 4842
9304 2948
9777 4439
3771 83
7077 8041
1838 4359
1016 1819
3889 3563
3002 8107
4759 6744
2268 2184
8718 8448
3014 8198
3925 7423
6268 3970
4871 9325
4636 9820
149 7408
3331 4255
8265 7801
5163 2346
930 9551
2997 6461
1537 8027
6820 5282
3085 2039
4747 3396
7240 4016
4136 4262
5464 6225
2230 2974
882 8338
1769 2374
7013 8034
5743 7030
685 8644
1332 2787
9553 5545
5630 8175
4801 4046
3838 9771
7817 2617
1568 2715
3963 3761
8036 2503
2015 6832
9924 2664
4119 1715
1453 6676
7471 5756
6757 6624
192 2737
6258 2392
4050 2997
5027 7443
7413 8174
2472 4887
7626 1491
802 7985
5042 659
1665 2113
1062 9191
3369 8500
2589 5435
8085 1430
1275 6125
7178 7462
1706 9290
4886 4095
4607 3753
126 1607
6529 1256
2771 9676
7979 2260
4558 6986
5567 467
4664 1125
8498 2687
6526 7053
1420 8133
3114 5842
370 8266
979 3602
40 7784
9216 7370
6431 6038
8976 9444
1792 1869
9221 9755
8543 693
6677 9857
9111 5652
1974 3272
2195 801
303 5245
8624 1358
6484 8522
7105 8407
2575 8598
530 3053
9649 2235
215 7567
8689 4958
1510 9419
7097 2486
6637 3958
8593 7170
156 3202
3900 2020
9220 7350
3211 8310
3697 2772
3691 3766
7592 1346
8073 7387
3555 278
5116 9572
3717 2633
7773 5835
4732 2923
8764 7034
113 6665
1991 4363
4131 5239
3868 161
4434 4347
8556 3074
8998 3637
7778 5253
785 8392
7672 9240
5045 6569
9819 9684
2953 3284
7687 30
2030 7182
7554 8973
6323 5784
9593 5221
3349 5551
1269 8620
1421 425
7571 7419
2755 9539
7799 3289
6410 4942
6531 2073
136 2096
9643 4935
3627 1842
3596 3980
5863 1814
3951 3548
6565 3991
9110 3444
4776 6856
548 6379
500 7573
3667 7821
1803 4266
5644 2889
969 5031
7817 9580
4146 2621
8993 7296
289 267
3323 4527
1818 2887
7028 6491
5023 727
7817 8396
9391 2912
8588 2153
7459 6097
8248 603
6696 5430
3459 466
4828 8143
646 7621
5405 3617
239 5931
1574 8888
1828 9463
2352 1902
2437 8426
153 143
3409 5398
3503 831
6755 1905
89 953
1935 1492
6391 947
1948 4964
5015 581
6146 2246
8096 1637
1336 8734
5925 7598
1178 5262
3006 7283
489 6225
1717 9231
9908 3933
3836 5376
7760 4613
7870 2408
5648 5987
7454 8111
99 7420
3476 6823
1159 9351
9626 8969
5566 861
4702 3502
2695 8249
8282 4298
9409 1047
6425 6030
9938 9918
7996 8191
5525 5127
5087 9813
7861 7106
2762 8681
7289 3853
3601 6205
2839 1647
4913 9269
8800 8214
8552 3257
6845 6461
9719 8518
3286 3743
2244 7019
8480 6179
8329 5191
6803 8795
8385 2746
7725 8706
7910 2598
3486 6665
4131 3504
4874 566
947 4552
8005 6881
5158 1162
486 9441
1571 7138
7331 4685
5059 9364
8055 1615
1151 2010
4848 1216
2066 7732
8947 83
5884 2765
58 1725
3549 5829
2093 9224
9833 5469
4389 6434
3677 1503
6321 9732
8612 3381
9998 1016
8158 3472
9072 6577
8446 6244
5189 4021
5046 6149
8151 4655
3171 9296
8872 8603
6473 117
4595 9226
5189 7060
7677 3656
8516 3840
6718 4820
5233 2780
5410 6332
7589 5390
1266 8837
2325 6508
725 7980
8731 3661
3636 8518
3157 5517
7097 2884
741 6596
8420 1490
4643 7162
9215 6036
8840 3440
9354 6013
7294 3890
5516 7026
4628 3222
7716 4713
849 7387
6335 1193
2354 2267
543 6761
2104 2211
9145 7308
4300 6960
5713 7168
5196 8680
8916 5919
6394 6103
6069 8168
3805 6956
9013 4581
7108 4690
4944 9106
7822 9640
4465 6238
387 1578
784 886
8106 7705
7191 9329
8094 5617
3716 8358
198 4898
8217 6797
8205 1774
3452 1089
2526 8193
1955 7918
8137 9045
9617 9232
6855 9131
7507 853
2286 2848
4842 4420
6111 1259
3797 5255
8833 5332
4085 5269
6808 7710
9510 7724
2600 2647
3577 4810
5584 3109
6225 717
6760 4798
802 6501
7035 7846
9226 8777
404 5266
4273 8194
7676 1347
6128 1640
7839 1138
6077 3503
3640 360
6499 5733
1454 1140
5437 5328
7967 1961
6687 6710
8333 6028
2751 5827
9893 38
7110 8262
5865 2525
6514 2276
9243 9662
8891 148
4160 6349
5702 4010
3355 9297
4872 9724
1062 4920
8669 4404
8719 463
9540 5717
3681 9007
9097 579
6247 3635
1953 5407
9778 9942
1683 5961
7017 9667
3260 4153
319 6835
9769 3880
8901 8084
9587 2088
8076 8542
7728 5507
6847 5080
5733 7333
3054 5615
7327 6564
2619 8032
8118 7140
8470 5854
5078 9950
7680 1524
4867 8481
5912 7581
5302 1340
5073 4768
763 4064
5416 2807
4576 3847
5738 1725
6993 8548
4850 4288
6315 3323
7009 1273
4773 7385
8527 7642
2043 3896
7311 6049
4689 4798
6010 3674
277 3167
3138 9270
5420 3092
8800 8767
3684 8565
1620 869
5587 4518
7295 5466
5436 1486
4718 3582
4960 3754
1213 5486
4606 6672
3808 831
8077 739
8582 9676
3163 5501
8863 4295
7433 850
4755 7512
3428 382
4995 91
2030 6913
4453 1051
6862 788
4871 4993
7652 3894
612 3346
3339 835
8687 568
9478 2698
6526 863
1046 1157
1979 6234
3897 3234
5531 6013
5664 6421
5640 4651
9429 8722
1920 9604
1590 1203
8496 2037
1213 1596
8101 8882
2022 9432
1033 1641
5512 7879
898 5900
1799 7882
1060 5988
7580 6348
9736 9617
9235 6228
4182 1895
7739 8838
5347 4544
2338 9845
4821 6733
3508 3329
5898 2236
9059 3169
2972 4623
2326 706
4800 2381
2214 3403
1662 1641
8750 9149
8891 8602
6995 6132
9051 5104
2519 218
5050 866
499 9830
3182 5464
6522 2572
5289 2483
7438 5588
95 9727
2364 8364
5984 575
395 4708
6370 8618
8547 1628
4475 8194
635 5030
1741 1398
3526 1578
4487 8571
2708 6037
3249 2360
508 7650
302 9499
3575 5559
3229 6569
4967 243
1470 7571
4564 3101
7243 1568
2258 354
2824 373
3479 7223
549 2648
9977 5669
7383 5043
456 9632
1686 6174
8702 7034
6390 528
5558 5223
492 215
4544 345
2458 6020
6724 1088
7196 4289
133 5825
8836 9445
8095 7032
5009 7312
6810 8751
9324 4407
1758 4790
9907 9344
5212 7902
8737 8777
8714 1023
3887 6916
1925 9291
1621 1589
2453 182
834 5767
3188 8572
5056 314
5678 4349
2769 8038
6591 6137
4389 3056
6073 8826
61 9565
2370 6612
2467 7897
8397 2813
4863 4132
8639 3101
9659 1791
2629 1208
3768 619
3643 6289
618 530
6575 6548
8967 8249
9131 1172
1913 409
9849 5573
4203 9603
4715 1491
1745 6654
5327 3586
754 1425
3274 4962
5525 4468
7745 7225
9958 4546
6399 1796
6042 422
6927 7061
6532 9182
2209 532
596 7675
6284 8681
6904 9114
4585 3866
8689 583
1465 2858
836 9656
7071 8600
1500 6347
7428 4762
3984 264
1189 7941
5767 8731
1262 5342
1099 981
9246 603
8641 3126
5447 6317
3681 6403
2694 3054
6105 573
5925 7878
2612 9397
4326 8000
8930 1013
6252 7270
9918 9323
4464 6416
212 8848
1326 2235
3131 8791
1684 537
9086 1853
422 371
1792 7053
3616 2166
3023 2608
917 2484
8042 455
6618 2584
8196 6165
7852 9030
9150 3415
128 2771
6455 7228
1896 5552
1072 6487
358 4335
4359 9851
8474 1213
7166 2422
4587 7023
3850 1729
6546 4117
7378 794
8488 6240
6296 3290
7746 8460
7324 8355
914 5885
1257 3842
381 6986
9436 4152
2897 1629
1910 870
6433 3799
9473 3310
9105 3965
6821 1850
9599 8347
5013 638
2697 2516
6871 8963
4555 4324
9643 152
8357 2507
7887 7400
6850 6600
7731 8951
2006 3000
6373 5000
8924 8549
1335 8742
3811 6568
223 6861
3345 5931
1822 5212
1791 9566
7667 2139
8943 7509
4844 5107
5559 9553
8180 7770
8108 1804
7315 2263
3447 9565
2791 6336
1155 538
5298 388
5177 2693
2738 4356
650 7854
3480 2701
9332 1036
8226 4336
7999 837
9056 8733
1739 6390
2202 1314
3295 2228
3464 9137
4460 3928
4809 49
1213 1469
9455 3772
1436 5717
4947 8440
5690 3884
8135 8527
8185 3401
1398 8544
5869 3069
2935 3544
5366 5644
3863 3066
3923 9770
5708 9520
8201 3242
6679 6686
2366 5093
3372 8795
8503 3396
9143 1519
3984 825
1632 397
6346 6139
3566 5458
1224 2864
4937 5047
6863 7973
8401 159
8804 4067
382 7703
5201 4068
3178 8642
6345 8099
460 2005
3921 1798
3308 6099
4230 771
6348 7040
2791 2999
1273 1784
9782 2185
7759 1825
4852 3941
2886 5635
7446 6738
2738 4492
7049 3799
5799 1183
4482 1531
2517 6099
5642 209
157 5098
4104 3387
4251 2451
7937 5907
6490 4113
3067 37
6545 5451
9674 7252
6500 1760
6275 3747
4958 7650
7721 5087
6498 9728
6720 6336
9205 1123
7756 8548
4610 659
2031 8602
8989 4373
5809 3375
5552 4743
6867 3677
2261 1834
1540 2366
3058 5760
3570 4601
6848 5993
401 1513
5208 1100
3921 689
596 975
8382 1040
9592 4696
7830 8349
456 1308
646 9290
949 4376
3805 1681
9203 3691
807 9126
5637 4073
8292 1186
5939 5088
1796 6945
8436 2862
9715 5858
3427 6879
7298 5591
8157 4422
7008 5297
4387 2176
7821 3741
7550 562
439 7734
5201 2495
7882 9086
7419 9412
6348 4064
6229 777
2693 2070
5245 9502
1708 9913
6181 7756
8935 6097
605 258
7898 6438
7903 6318
7216 1287
8064 4083
5144 3201
9501 8086
8135 5626
5643 5825
9852 1986
956 3073
2594 6441
4838 440
5994 8181
3344 4878
8598 6911
6817 2037
7632 9276
2604 6163
3449 8729
3953 8669
7982 955
3564 5124
5712 4457
793 2972
3511 4284
2697 695
2174 2191
4904 3891
7358 4952
9939 6393
1713 2251
2412 1281
6122 3472
4724 1736
543 6676
2070 6807
2895 1738
8671 145
4896 8783
2556 8010
5714 1943
4586 9914
8279 3067
3649 6200
3650 1870
4585 6194
3968 7680
7643 2258
11 782
4779 5897
5243 3685
1598 2023
732 6898
3363 4803
323 3812
813 2899
518 3052
3084 6068
4542 3548
9248 135
7031 6233
6386 7530
9315 2615
3168 8387
6384 5311
2183 2612
197 4121
7688 5124
539 8375
322 4696
1120 6581
7083 5496
5718 6769
5600 4201
3316 1992
6843 9899
4683 468
9640 8217
3003 7709
1135 7776
2227 8224
1423 2342
8894 5244
3867 4693
9018 7115
6199 5868
3984 6266
6877 2417
1989 1850
7107 3474
5326 3954
2060 755
4526 4189
6760 2603
4950 3759
4665 5335
2531 2914
4628 1347
5900 1420
6345 948
8296 9491
5348 3218
5672 293
5496 766
5650 3995
7558 9715
4752 7652
3944 3249
4111 2223
1927 6275
6292 9440
2144 1599
6341 7610
5155 4140
106 876
2128 1952
8421 1404
8291 3065
5930 7681
3593 1909
8607 5655
6003 2509
7811 3273
8160 2974
2161 7387
8539 57
6937 373
2972 7334
6195 8691
3830 4530
6012 564
3122 7897
7453 2938
8399 6937
9324 3733
7997 1307
7408 4222
2750 4227
7209 8464
9320 9870
7101 3792
354 2086
9103 4205
1683 561
4684 9903
8303 2096
7899 1387
6255 3116
560 9182
4401 399
4187 6472
5586 3863
961 8991
4196 7821
262 7681
2226 549
9234 5502
1813 1815
4554 2732
6386 2520
4623 8120
7321 298
3269 2848
8923 1884
5616 3348
2119 6196
5566 441
7111 788
1891 2124
1529 9549
3918 5341
721 827
7145 9509
4281 1592
3979 3023
9637 9052
752 7059
690 2297
4704 1960
2344 2477
5530 4923
775 2003
7787 4227
3321 1778
4761 4294
2817 2966
8982 8412
5605 7499
4774 4576
8190 7624
4794 7938
5894 2053
6776 9495
5661 5690
5049 6012
4392 5135
3270 2450
4614 7731
6703 9824
5261 7753
2141 2887
7551 1191
7806 9080
6846 9271
5578 6553
1558 7862
2936 6111
9447 6788
1953 5573
5932 5985
608 7975
4005 492
6010 6318
5131 7111
3152 8016
4752 5151
7847 838
9165 3550
3771 1472
8482 5993
1472 1738
5114 549
743 7523
4989 8593
4413 5602
6253 294
3077 8521
7618 8543
6937 4591
7488 5465
1746 9814
4459 8817
3317 1318
7936 1047
1167 7795
5453 2629
4527 6241
5812 9376
4110 4658
4414 6705
7542 8116
5746 3478
3093 9337
4425 2371
2387 7553
4718 3066
2475 3518
1766 7347
5399 5296
1433 5509
2944 4516
7724 2898
9680 2414
7147 8816
2428 9468
8567 7665
8690 5446
8887 6402
1648 2240
2166 7016
3827 157
6294 5018
6379 8279
7736 3745
2253 8921
9892 4558
3295 5326
2189 6388
6462 4465
6599 2913
3582 1000
2236 192
3601 8517
5838 5254
590 6003
9809 9353
4786 9216
5788 5285
8002 7590
334 4328
8669 2575
3336 3810
6882 5769
5198 8392
5053 7153
1270 7584
2972 621
7630 5007
2075 3619
186 343
2265 4555
7365 7732
419 6642
4113 1703
9468 2433
4871 6581
2838 8856
7254 8853
8170 571
1017 4738
3354 5309
4621 3425
6912 2550
4099 4303
94 388
5089 3889
3639 926
7129 2818
810 9326
5451 2192
9529 2803
8341 9312
4700 6554
6983 2358
6317 4184
6200 6829
2519 4280
6255 1846
2119 1502
4913 5327
7004 7342
5779 2087
1374 6134
1530 144
2255 2308
4863 1866
9539 7381
4429 3553
1059 2319
8899 7109
2426 2864
1108 9824
341 7469
7221 4402
2657 5642
235 6158
2780 4551
3126 2044
8748 3690
4058 7199
3214 3032
7860 2517
2472 6956
7470 8139
4756 9002
4127 1633
4993 5321
3317 9991
2912 4002
1885 9117
2514 5397
5298 6497
9581 2585
2603 6102
328 5146
4048 7208
3572 8495
936 3711
791 3576
638 3256
6409 9444
8229 5862
6547 1638
5225 1291
8782 8070
2534 6032
367 2189
4054 5360
6410 944
5401 4748
7647 597
4503 3247
9323 4896
3703 8863
4373 6129
5142 8109
366 7709
7964 4544
7231 2819
789 2923
5377 6611
1135 7465
824 2303
8829 2587
4209 9640
7874 3177
1886 1456
2387 4012
9250 8829
8231 7481
9266 2196
6459 9876
1042 6317
579 8326
3198 8039
9507 3587
3692 6359
724 7846
6341 6253
5695 1272
18 7334
1692 1149
4806 6205
7401 4984
6063 3986
3648 2414
4228 449
5352 2469
4538 104
2964 5432
1808 7538
4329 182
4251 7626
3746 7881
8089 8983
4232 6676
1005 993
9640 5201
9220 6641
3924 4542
3839 6162
1315 9933
7122 5854
9733 1076
1902 1658
1794 2813
5842 6127
6889 809
9224 5568
214 2704
9510 3438
1046 8649
498 3774
7293 6776
2658 9995
8308 8259
2585 6112
6790 4451
4511 3642
7769 2452
5491 205
845 2769
849 7307
2176 5047
7539 2062
7629 6671
496 4892
812 8803
7451 4797
6319 2036
7162 4565
9700 4723
9646 1174
9993 4126
4748 6545
1925 7089
9912 5786
3658 4899
8655 9352
2906 2607
8432 1148
426 7793
15 1944
990 9566
3002 7408
7933 5378
6272 3137
5908 9836
1016 3684
3129 6808
7424 597
4249 218
2001 5670
4357 120
8601 9190
828 4368
320 3846
1045 2161
446 5383
9362 8256
8022 3898
9125 175
3418 9725
135 5173
1255 6269
5466 7533
4954 9606
9465 1157
2133 1842
8024 7323
7380 8077
2423 9818
9274 9279
4272 9453
3942 8927
4971 5640
2636 2071
7579 3690
8084 4852
9560 2726
3520 2861
8777 5411
8052 4660
6206 8165
6667 3181
3028 1833
7507 4918
822 6261
5695 7776
4626 8404
1368 5049
875 9502
7059 2840
7293 341
8927 6051
9737 4404
3034 1164
8999 3426
2552 1169
7794 9910
2761 6517
806 8440
3777 348
4144 3252
3961 8470
3916 4991
8179 1203
1275 2413
8693 6437
7446 7600
5735 4399
1133 7776
360 1606
8557 3147
1436 839
1428 1695
6351 3342
4557 7105
2727 3393
7027 634
173 5071
5362 5451
1080 4626
9104 6902
9254 5380
7868 4941
343 9108
8145 8360
9902 1751
8019 9952
2490 3477
5906 7586
7025 5205
7799 382
6889 9388
1639 9309
292 9336
4545 4463
1327 6782
3025 546
1132 6770
6248 2741
7001 1543
9704 2093
8 7512
7138 9722
18 7197
8255 769
911 6714
9206 8586
1375 6589
4654 42
8087 9405
612 8115
8917 1402
6960 6799
2065 1987
4437 8775
5598 3148
7914 4043
3984 8045
3296 4770
4822 7809
7399 2202
677 8443
1588 3608
2758 6119
8049 5439
3115 7306
4149 4517
5439 28
5578 4064
4920 3309
2588 5789
7955 4162
8479 5164
9915 7585
5612 3612
6704 5941
5381 6652
156 9453
7098 8744
7971 3305
5987 2171
55 9452
9307 1018
3219 5867
1038 4457
1924 7752
4143 7802
4143 1590
2514 2247
8946 6973
1524 4194
9555 5
8490 1985
7966 2774
8579 6438
1747 8959
1607 4878
4887 5384
3231 7833
7480 9204
5020 7234
6700 804
2398 4620
8728 723
7625 5434
3855 2588
1604 5921
3503 2930
1832 8803
2944 3629
1902 8244
6552 3532
9820 1823
3132 9777
7790 7892
9318 6924
6388 2787
413 796
1142 2212
7234 7779
9860 6598
8667 2002
408 6361
982 7442
6953 8858
7519 6628
8475 5155
4293 508
5632 445
1739 8496
6146 6299
1044 3807
1476 904
2450 7900
5708 5096
7922 4881
98 5616
1014 3972
7960 1047
9177 8874
5935 1660
470 8785
2908 5
4852 416
8698 2297
1474 1630
341 2076
7222 6327
3781 9636
5547 3966
7223 6999
6416 6192
3506 4144
2770 8943
1699 3566
3300 3111
8171 2980
8297 6773
81 1965
9964 1996
2742 8536
9119 7927
6917 7540
4934 4705
4677 4858
4024 9971
8913 3409
5734 6358
2396 389
4739 9502
3657 2844
7471 4601
4477 1736
5840 7909
1547 953
1973 9873
9237 499
8993 2174
2219 8473
1652 2589
132 1120
2065 1634
4208 6847
1537 3369
9632 3232
9460 9229
4346 7725
2378 4808
6307 9279
2206 9485
9786 6350
5281 1963
1746 1158
2116 1729
8216 2416
9711 240
9793 3037
9266 695
5009 2334
1596 5141
1779 6180
8661 2104
2173 7948
6256 9179
3384 612
4967 5909
5816 8779
310 1476
4541 8782
9886 3440
3986 3883
9112 3955
9679 5208
3911 6411
1034 5192
2178 9574
6404 9877
2506 1050
4066 3440
5266 781
3985 7016
5141 2247
2246 5186
3730 451
731 8676
2505 2120
8551 6151
9907 7224
1449 7955
7955 9787
1848 4628
4293 8310
4208 4825
6049 8752
4620 9031
6009 1960
5185 5666
4486 3731
3779 5546
7817 1668
177 6071
6119 4005
808 6356
9678 2998
1258 2912
4572 7506
922 2679
8107 7529
6477 1703
6598 7992
306 5526
3554 3840
5157 9299
74 478
3254 1109
8502 5575
3514 5367
3166 1623
5177 8995
701 2904
7750 1014
3972 8040
9701 8168
9970 9349
7070 9279
510 4105
5515 315
1850 5738
9295 7507
3133 2683
7124 9166
2778 4499
8162 613
1875 6448
283 1885
442 3990
4378 4821
6259 4548
8750 3681
2546 2203
7324 5167
3849 7180
9084 697
5552 1064
8587 7577
5438 8676
8074 174
4926 4698
5748 7053
6625 4616
6882 9300
880 3975
4124 3391
5698 1782
2494 371
7824 2136
2671 8379
6139 9492
8807 1512
1308 574
6682 5605
4944 3871
4716 8591
8193 7648
7457 3333
8280 7947
1838 6642
278 6920
184 6466
8895 1256
5927 5795
8541 617
5972 7459
4312 2537
850 504
9535 5586
4649 8441
9252 1705
6298 4338
9836 1534
9234 5542
5896 9197
3333 7662
825 7944
8788 3627
989 4412
4648 8040
6580 655
4655 3238
7066 4882
3992 4837
7818 5501
5449 1717
8220 3040
6569 1056
2829 9246
6614 5226
4315 2791
4088 921
397 7605
9910 6477
5935 2309
1955 1339
7363 3858
2007 1245
9465 2689
4297 9784
1623 6245
1907 5975
1021 8563
5358 9795
2752 2928
4369 8129
8692 9426
4403 3257
7431 2060
5733 1765
7663 3598
9440 7718
897 9204
2654 4000
4725 4782
7636 6554
5523 6120
5545 9923
282 221
8296 2784
6871 9418
5111 2299
7888 4252
8695 1372
7031 8720
2126 1383
9721 2146
8281 5525
6161 4582
6433 6523
7720 5418
7883 258
3421 6661
5209 3830
2989 8526
2470 8653
3896 692
482 8735
9025 1590
3895 9149
9732 9430
3345 8754
1510 3203
3197 2816
2208 5303
3878 6218
1881 7681
5351 7387
3450 9425
9152 5210
9494 1076
4824 9327
5560 2242
6765 9906
391 1492
7979 5923
4558 2183
7634 340
4838 6262
4835 2359
4434 1904
7375 7943
2408 5507
7077 7407
9616 9583
2617 4866
2447 4720
1234 7792
7783 5669
6275 8750
7887 8279
257 851
7470 9276
4037 2862
6094 635
3090 9541
4608 2233
6402 9958
7991 4508
9994 1959
8517 148
2850 7409
8241 8817
9050 6878
8786 9339
1826 8993
6654 3177
9360 5706
3904 5370
2421 6630
9014 9253
4912 4802
8704 9035
8887 1568
2697 7709
9660 3889
9881 1463
8862 710
6145 4607
3981 2405
9901 9641
4249 5919
3231 4649
5821 5219
2229 6399
3886 5136
1815 9861
8153 8117
5340 1731
3825 9813
5115 7467
779 8993
6711 4722
9995 3119
9175 2511
4157 3090
4455 8838
700 9087
2885 4652
6861 6810
8670 8027
7513 2359
1127 6735
1889 8927
3647 906
6407 8212
2407 8813
9445 1136
5350 6661
1840 5704
3946 9293
7422 9243
8226 2815
5927 8161
193 9260
6379 3745
867 1626
8608 1211
2529 6604
2798 8805
9925 5669
9484 7022
5705 4962
3160 4522
5521 5224
4870 5397
5264 6607
1991 9072
5893 3107
8994 7557
657 9713
7427 2874
6773 2227
3058 974
508 7047
3620 3474
8013 1296
8371 4344
4892 3212
8383 1295
9351 8182
2357 6217
7809 6719
4515 553
8613 41
310 7151
5310 8631
7725 6134
8526 5533
5038 8803
6087 1415
6298 6809
7074 990
4164 8046
508 3111
9313 6888
388 8678
4244 4610
2931 8839
6001 4391
845 7112
951 6035
7579 305
8228 6817
5007 6510
8125 5247
4218 968
4446 1846
3011 3060
886 9091
5175 9176
6401 582
437 8604
7206 6083
1421 8131
8597 3090
5118 6581
6313 9255
4763 9605
3974 4253
46 4968
9949 3326
3906 5190
8503 7218
2216 3879
1503 5715
6159 2813
5422 2063
6073 5686
4679 9576
8603 1642
796 315
761 6614
3482 7011
1056 6319
1618 8806
4430 2061
682 7172
6241 8208
2015 2492
8134 571
7468 7761
1472 5273
8578 4001
5232 7898
9312 9521
4936 5175
1904 7559
1995 4192
537 2737
5338 6732
1135 621
6957 4408
1496 4151
4159 8716
9241 6353
3895 4286
3167 8373
8110 7302
5835 1716
8298 8308
36 22
2295 9743
3300 3993
9235 9177
4142 7336
1379 9259
495 2093
1905 6702
8314 8557
9898 9029
5801 5695
8682 2387
6030 4248
2416 5676
698 7112
1504 8092
258 7364
5369 2967
503 8586
7519 2920
9436 7093
9271 4865
7907 238
7801 8823
8690 4367
3700 2976
3714 8701
9609 9371
2735 2656
8925 5850
9842 2146
5072 4625
7728 104
4730 515
272 6802
6838 8553
7027 3518
5408 3056
1666 8684
7013 7426
4190 9914
4610 196
7281 7967
4845 6943
4620 9972
5059 5167
6426 3178
4877 1159
2835 6203
1927 8846
1745 1449
4453 1099
5940 6998
8719 5258
3778 930
1134 9053
2150 1862
4355 1381
8167 4813
7640 8084
8650 9215
6872 1417
5581 9982
5208 277
8707 5966
6756 9727
2195 835
7796 441
5192 3016
8618 905
3603 7044
1894 3458
5477 7063
6584 7229
1664 9520
1679 6982
90 3080
6228 4739
8168 5718
8083 6170
1234 7282
2669 7048
9232 6782
6897 4698
7335 295
1944 2036
6039 4078
1577 4754
7245 7867
632 5385
568 8964
8686 3378
3658 9507
5128 2635
952 1676
3893 2725
4586 5247
8999 7521
687 1339
94 4598
8649 2157
7247 4128
8402 8340
6262 3784
4879 7295
8440 5224
9969 2966
7331 6835
9909 2800
4600 3966
155 9040
4599 7448
2578 2916
3759 7206
3099 2503
815 5302
6648 3600
4882 734
2961 9019
1308 2851
6075 6066
5233 3075
8239 9823
4724 8129
2197 1571
208 865
2646 5356
4296 9555
7192 7415
3149 7231
1453 6290
1795 7252
8882 7769
7112 6849
7926 5524
541 7925
5996 6030
2169 7905
6954 9459
4749 5982
4549 7540
6353 9249
7831 9331
8876 5725
7150 6806
1659 4448
7182 1857
9521 1951
271 1462
3060 9743
5852 7514
9611 8262
9691 9181
535 4601
3977 5966
5112 5199
6402 1875
8172 2330
8590 2043
7463 6053
647 1292
3514 2126
7355 1239
2481 1450
8365 8978
6789 9877
1130 6606
9026 686
3022 4643
399 4134
6581 7176
8010 2420
4535 403
9913 7060
6528 1132
8512 4838
5539 6575
6751 9422
5083 1227
7500 8954
35 9339
7786 7970
4617 7197
9256 4392
7942 8882
2054 8577
2575 7567
1038 1405
5952 2644
7626 1820
7653 6192
8669 7150
7413 791
6270 6380
8190 4892
8255 5525
5321 7097
3516 5201
8009 2152
180 1917
3711 1592
3251 669
5215 932
6625 5589
3035 6151
386 9892
4487 390
643 3625
8815 3547
9339 8183
2053 739
9834 4986
2744 4422
5667 2312
6290 9844
9539 7338
2253 8493
7794 2499
7545 7868
3323 8165
7461 6561
8552 8608
257 3187
2608 4176
274 1591
4707 3635
3428 35
8995 6448
5826 1421
2045 2594
2887 3285
2 5165
3328 295
8220 9839
5167 5459
8339 943
7965 7102
9868 8863
3421 8439
3547 6984
2390 4344
9328 5660
9885 3156
4242 2692
3988 678
1606 4801
1401 7530
1298 4030
3669 9123
7951 8961
8496 4611
128 7445
7685 5584
1239 4951
5920 7801
9510 1272
3292 1386
7943 2064
6383 2255
7617 3371
2501 5174
1898 4310
9961 7703
982 6002
8152 9514
1727 276
7126 4244
4619 6072
160 2172
9125 2132
3930 722
1665 5194
6559 3520
8897 3591
3938 2815
7326 7957
6066 3802
3613 2314
9886 2063
1913 5068
6368 8163
4226 5285
3805 4923
6903 9759
7722 4691
9825 1495
5833 8124
4094 3384
4468 5113
2810 4936
62 3851
5194 964
638 4351
1639 7668
6528 353
4424 3389
3801 3811
2339 6742
5564 7762
3420 1325
2975 851
6993 915
334 8367
7941 7254
3928 5652
3897 5024
7581 6812
5382 2233
2734 1176
244 5509
364 2789
4437 82
3265 2914
2129 2190
8679 4976
6858 2981
2578 1323
6710 6665
3145 1127
3499 3171
6766 832
1995 4678
7417 1775
190 2030
951 7219
8367 3872
3113 4634
199 8547
6854 968
191 5553
2962 4809
9283 6343
1857 9449
7359 721
6801 991
4582 7467
674 6260
9017 3780
7391 6321
6250 7529
3164 7027
9421 7632
6234 140
7758 5513
9460 944
9394 1260
2675 7459
9972 5110
1807 6987
8019 4860
7611 8284
8885 8811
8664 8713
7906 23
7751 3967
2564 1773
1159 4548
6988 9200
2683 6468
2000 753
1949 9218
4379 1691
5190 6312
5436 2751
1856 7601
4881 6652
7191 3607
8788 2160
6355 3110
6355 8924
4211 9787
3099 5718
5941 2309
3690 9667
4069 6601
6001 8289
6213 8683
3674 3465
6921 1044
6563 8529
6007 9576
2571 8859
9112 2116
6360 7742
1931 2381
120 9846
7109 237
9166 7035
4934 7472
6117 2443
8576 83
6907 8591
3526 2290
6542 4772
1673 9811
2522 9671
4959 8156
5083 8963
5695 60
2239 6687
8473 713
3530 9897
3243 1586
1493 2185
3884 7601
8781 7792
9309 8938
9928 2386
2204 9352
2231 6890
757 4584
4309 9345
7864 9440
4592 5249
9196 4174
820 8050
5921 8163
3755 5332
4671 3486
3047 5747
1724 7831
3601 2321
6517 2422
140 9067
1258 9233
4650 9190
3476 7702
6882 5501
5143 7460
5759 2771
2525 6735
6924 1272
6272 6376
5277 1395
6547 8600
8515 6208
9650 222
6760 3341
4750 6600
7088 991
2309 6061
2351 3311
3284 8694
1510 4365
3529 1947
7600 608
3441 3050
6611 9645
5137 1976
6530 8525
5539 6871
7932 3430
6675 4878
4806 2956
8365 7801
6314 3551
6209 5428
7467 5208
2980 5430
3610 3441
710 3006
7736 6819
2071 4047
4674 1344
648 7122
5075 496
2917 8096
7765 6237
7855 9289
6520 6169
3216 922
2468 9536
20 2212
8735 1362
954 9190
3656 4585
6807 4912
3877 5562
7026 2521
129 1061
2919 2014
2091 4113
6519 4630
3585 5367
5372 8271
2012 5894
6667 9981
3677 9036
1471 6319
8149 4627
1233 3386
7002 4706
1032 5857
2065 4118
9554 440
2523 6958
4259 7015
6540 4434
8359 755
380 9298
1460 8522
2102 6063
8601 5763
8141 6797
8970 3526
9762 8410
9490 7791
3003 6072
1757 9158
978 7808
6258 7118
7175 4289
1301 7067
2283 4926
5183 616
9921 3079
1652 5925
8692 9596
8334 5722
8972 9335
7478 4910
2190 5515
5323 3323
9084 6522
7893 3816
7365 1789
9410 7080
3510 7262
7657 136
9557 4804
7239 4061
6932 8284
9782 6008
7947 4840
5407 1791
9765 3357
8154 3380
432 2680
9493 7232
2572 7311
4805 6795
123 3549
7385 8040
299 1403
6868 5636
1707 4874
6812 6175
2728 9602
9287 2360
730 2692
4978 6723
668 4812
143 8724
6396 6788
9991 6240
7779 5747
5761 9902
8735 5797
3296 5707
6820 9649
3618 6834
9696 7037
7574 9286
3410 6742
6435 8199
9516 8395
1522 2007
6471 2484
7186 2727
7240 3553
3839 5761
8724 3872
1538 6885
9450 6104
229 1278
1222 3519
6510 1385
2513 2471
7433 6083
2791 7675
3060 3810
5947 4079
4486 6322
5306 3119
1407 7208
6691 3429
8847 5738
5728 9191
7217 3349
6358 5976
2507 2121
1782 2823
9160 8271
6089 1977
4838 3684
9688 6608
7704 5928
5871 3693
9414 1869
2597 1498
2288 5046
5495 3800
1504 1927
2255 6791
9070 3398
8749 2381
9332 7639
8148 2244
1324 5031
5159 6684
8007 2292
16 4462
9757 521
6335 9571
9868 2799
7475 7550
6814 8880
5523 1379
3149 372
7674 5425
9291 3655
41 9028
1345 629
2904 691
3364 8485
1308 7949
8931 803
4977 4559
3177 7454
3327 7989
1570 5557
2123 7927
852 4432
8323 8024
9449 5330
2349 5544
5511 1734
9767 2349
9126 8487
4454 8088
9480 2154
1850 5366
1722 2425
5020 1906
3749 6440
7266 7451
8904 3734
582 1030
7815 9489
2216 1757
2748 5821
3818 5459
3834 2219
3106 9026
1122 2361
3816 2467
5948 939
1942 1191
3791 6090
480 6385
20 7237
3558 6471
7617 6491
2529 5475
8490 6014
4408 2133
5743 1328
6109 6029
3548 8580
2592 1478
4567 5780
585 7284
2205 9288
4853 5464
8007 5667
8297 3920
6009 13
4745 4122
5251 4229
8235 3754
7187 7008
1468 2361
9133 9047
6158 5065
9878 6292
4060 4994
4426 5842
8167 9431
3835 5542
3568 9791
2057 2956
5460 9047
3723 9909
6730 8181
4648 7195
3170 1254
9262 5442
3565 6194
4409 4552
6070 8096
1285 1050
2600 5818
9620 1951
509 9885
877 4846
7340 8100
5536 4324
2862 9964
909 9281
7621 7841
6904 8810
6570 4547
9184 7758
5943 3470
3422 1172
483 5453
3125 229
60 6534
7665 9246
6628 7197
8091 4294
883 716
9753 6988
8222 265
6306 2062
899 1622
5410 8861
7838 1675
6218 9328
7472 8066
5411 8554
4704 7378
6075 2215
5376 7763
9121 3526
216 8264
5789 3962
9564 8743
6232 5236
9385 4823
8114 7935
4795 1542
3983 4404
9079 9639
7289 8330
6908 550
7863 5877
915 8288
1319 1609
7720 731
8821 7957
1092 8246
9388 6197
6711 1753
8495 9545
3044 7255
9279 918
9120 7888
9592 4038
812 7645
2867 5507
6040 6128
3659 2065
8782 3711
7687 9223
7295 2927
6677 77
8272 4637
5310 9405
6232 6159
4428 8970
8164 746
9909 8622
4434 5900
1696 8712
3571 5272
265 7407
5876 3172
6245 5988
5137 648
2745 9460
5806 4015
7067 6500
5406 6917
6376 4070
1546 5918
7910 2083
7102 3918
3489 1975
9969 7948
2524 6024
855 927
4449 8731
3883 4655
2386 9351
8373 5338
4496 4840
5601 8006
4457 517
9617 4882
8621 6345
2420 9699
1069 1856
1361 9117
1584 8774
3426 9600
1041 3432
2108 3511
3512 4573
6064 4640
3082 4177
2272 9593
7474 6893
4929 4540
2159 586
8240 4808
3397 3426
6574 9171
6231 9628
6828 9355
3230 2579
6432 52
7452 8400
6070 4069
4864 3639
1895 4100
257 5275
9867 6724
8589 9082
2264 959
17 8516
680 52
818 9653
4268 8757
4394 410
7875 7210
3967 6732
432 1991
6312 5159
4123 4835
4362 2169
6918 3040
759 8164
501 3534
9736 7997
729 2235
6160 7711
7419 6384
6482 7974
8892 5849
6949 4127
271 4525
9751 4766
1631 649
8165 3742
6677 3612
2783 9039
7460 1799
6265 8263
6188 1505
5032 626
4175 8471
7747 8986
1366 3687
9293 2803
2203 1201
5277 7386
74 1360
2474 6017
1620 5760
6200 2484
4266 3698
7990 618
268 3883
9725 1994
3610 6088
8935 3782
1078 9315
4883 7850
9497 40
5317 6908
3612 9644
991 3310
8601 9896
1717 1548
4585 654
1051 5503
5800 521
4082 6280
5098 763
4032 7913
4143 4544
696 8917
6222 3043
9531 3199
4181 452
3618 9362
741 5758
3692 5116
6479 3027
5216 6358
709 1797
6777 6353
1654 5261
3997 2240
2442 4803
7675 4914
4315 5005
7072 4012
4719 8352
9821 5791
8545 8341
4911 892
7384 1843
6231 8460
9703 5645
1225 3513
99 9468
3439 2996
6653 4025
9616 8002
4276 8490
9589 3897
1443 7279
4122 5704
8087 5905
1776 8958
5716 5316
8318 3072
4904 4834
3409 3472
762 1959
63 7148
3583 2291
9922 6578
1346 8109
7026 4777
1563 9603
2998 4170
9326 6689
3722 9163
5829 6158
6755 3446
3594 5302
4666 3039
7200 5972
9686 1672
6841 3142
2326 2287
4577 5785
2661 6266
9979 7715
7592 1931
3791 2947
9562 5386
1677 8225
2140 1389
1099 8543
442 8707
6673 5183
7796 7401
9262 8434
3274 2773
4605 8110
3291 7634
3681 9806
2747 9639
8153 3749
4321 2887
3939 2748
9517 320
1139 8887
2720 1446
3591 9541
8094 3124
9220 9129
5521 7521
7328 5720
7326 8845
6244 3154
6510 4709
3654 7667
3213 3502
5406 6258
5634 8829
200 3763
8909 2303
5542 3348
1171 5641
5303 6101
8581 1063
7612 3105
5677 6638
7543 9372
8831 8865
1606 743
7941 5511
1747 8434
8725 9111
1050 813
8696 1345
1095 7701
1390 5564
3923 2180
4743 6712
5298 1146
8249 3454
8771 2236
4856 4109
8433 235
1642 8894
5086 8617
6849 4367
6921 5483
6072 8062
5836 1626
534 5169
2235 2147
1505 2033
2031 6653
5288 2469
4042 5409
293 4976
2313 7694
1422 5536
7832 6575
7641 7557
3152 6134
2811 1898
9278 8690
5401 7892
5930 7488
6138 5565
6616 5303
3148 194
1910 1587
2062 8806
6896 6859
1412 6553
3311 1371
4482 3709
5450 7244
6397 7651
4342 822
8669 4785
8940 5472
4147 3611
7127 5295
5643 8455
1788 7740
5650 8069
4956 9424
8851 5280
2578 25
9868 8638
4820 8040
5083 5321
5379 7600
2313 858
4700 2833
6923 8192
757 7121
776 7296
4278 5429
3226 3190
7491 5528
189 7188
7199 8279
3919 8811
3378 8110
9411 5890
6544 7897
3609 9894
9617 6644
9520 428
5889 6835
2604 3796
3849 1947
926 4725
605 2002
6454 1955
6684 3348
4817 1893
7307 6268
3509 7256
7095 4255
2698 7411
9318 5992
1272 448
6163 3572
3854 543
3990 2611
3332 1935
8294 1781
9370 1354
5149 9578
8630 4371
2668 3211
7754 1969
7805 4149
7667 2362
500 5335
3765 554
9107 221
6363 6799
2641 2844
2047 1561
4846 1033
4649 3323
947 7233
1101 1190
422 9839
7762 574
4328 6634
8419 9946
3905 8781
9722 2397
9651 3638
9979 4698
1866 5288
9713 6163
4986 6057
8925 2739
9683 3045
5189 3320
4069 4267
2817 8005
7399 2422
1949 8400
2183 8668
5749 894
6213 2506
949 9631
7211 3061
898 8904
8307 6896
594 7007
7043 2819
7015 7165
9856 4723
5596 5605
2980 9909
2626 8006
430 5766
1601 4450
9003 5996
8776 2211
1304 4916
3392 197
8352 5262
6211 2301
5040 3104
5834 1374
2382 7712
2533 985
9135 9273
9815 8606
9545 7071
5995 5257
4352 70
6245 9408
5374 6317
6916 65
7820 1161
8053 8932
973 8733
3140 8299
5189 4870
1979 6624
194 2576
7328 8899
486 6420
8277 8023
8185 2390
7364 1307
4562 8495
5092 8627
4761 8049
3500 7811
3310 2351
3183 3750
3347 9718
5891 9259
1829 2702
4632 5757
9905 7542
5306 3065
1406 9786
1806 576
2834 7041
7392 3323
8637 915
5540 4123
1413 1977
7606 8388
4280 9337
6333 7667
7915 5209
5282 5207
3152 7804
7603 8811
4798 7284
9453 2872
677 9595
7747 984
9429 7902
3165 5122
3721 941
7490 6608
5299 1629
1533 1595
1548 2364
3561 2124
5463 6670
4084 8572
7726 1924
8814 5345
8174 824
3873 5529
1440 4118
7946 6588
7570 3023
2154 3765
2603 1912
9881 6412
2064 9293
9476 68
4447 5556
7472 839
908 9653
1650 7787
9550 5081
4017 857
3428 3405
4073 6397
9741 6214
4744 7107
3441 5762
4867 1145
871 3921
4782 6814
9425 8397
2426 521
4658 2781
8438 2483
3680 5378
4642 5486
5510 4296
7685 8037
33 2002
630 1109
8965 5583
5072 7413
6913 3964
340 4913
5496 7361
6620 9021
9254 5829
5389 4522
4981 8323
9970 7390
7083 416
6270 3372
8921 6750
7249 6498
4347 3133
3690 5772
4280 9928
3380 8156
8949 8707
1068 8953
1118 9846
4630 1097
3099 5715
7912 680
5827 8484
81 5799
8255 5594
6851 5476
4177 8830
9019 8952
7805 9743
7161 2188
8372 7551
6004 3348
7737 887
6664 1615
7194 8793
9284 8011
3386 9120
5729 4756
2617 2182
8498 4529
8988 8218
7955 7416
5490 3862
5204 7042
3682 8547
7577 8439
1161 7378
6388 1339
9763 2701
4114 2149
4207 2010
6737 4263
1820 113
8243 6910
2134 6965
6301 3979
5172 8983
8904 2444
8655 4472
3879 8311
6815 2446
9312 3702
1308 4126
20 6226
5727 7054
395 146
8652 9471
8789 3930
9692 9542
7155 3147
3914 6576
9704 2334
9023 9501
8249 3035
250 2389
1342 3331
662 581
7916 4540
5399 3355
8255 8106
6155 6215
8136 8072
3640 628
1367 1071
4874 6047
4041 4580
6153 6353
4542 3464
5181 9691
5121 1160
3388 6362
2583 8780
5697 9507
6115 4010
5742 1836
9549 4405
8564 3094
2013 8001
6210 29
9892 1884
3095 1642
2997 622
3894 4236
3412 8661
525 7395
5206 1552
3087 6929
5593 5094
5358 5899
3779 6004
961 4653
2400 8215
2169 868
3274 5901
3358 7628
5077 2470
432 9335
1274 7741
8028 3479
2755 5033
6332 5362
3988 3269
5643 3955
2464 341
2758 1209
3622 302
7472 766
6056 6408
3034 6453
4113 6935
16 9230
2045 2487
4635 6095
1025 5457
3755 773
9597 4464
3277 7006
5867 7002
3073 7549
9020 3646
6827 7319
4318 8861
9131 6055
5814 2127
2574 4939
4479 4172
2177 9339
619 3123
2426 8957
7299 1428
5074 2582
2229 4544
6730 9972
5495 3901
7438 6993
1353 3393
5277 4171
2377 6617
4397 4420
8923 2064
4162 9847
1684 8161
2715 5263
2152 105
3388 7376
4685 1186
8573 2859
1092 2838
9408 9860
9337 43
7089 84
6571 3918
8619 9155
5549 8598
6232 2075
6325 9652
6190 4496
8472 707
9085 4844
9566 1995
7919 2110
4170 6021
3447 9167
2190 8264
8687 6512
8131 4038
8953 1977
6440 1381
6380 1946
8536 3653
9446 4917
5873 6871
9819 552
6844 9365
139 5249
5872 390
503 5969
2981 5025
329 5985
3635 4637
9490 1124
1344 3450
3096 9241
4258 9122
2255 6059
9753 3913
967 1685
222 3911
4362 7664
704 2281
5936 5253
5862 8670
2794 5966
1354 3448
6104 1310
7361 6740
9488 296
2529 5598
3445 8539
2755 4439
9062 924
8720 5614
5450 847
8783 7794
7438 6607
5814 4383
6360 7381
5541 3549
8664 8209
2633 4018
1951 6482
644 9004
8968 4406
4219 5036
9861 5857
1427 4241
7835 6936
6777 9005
724 8445
7102 2782
5127 8108
9215 4053
8809 9987
5115 9245
1673 8964
4688 7528
8172 229
4927 8595
744 2768
2240 8018
2584 2961
1109 1443
768 3207
9038 5194
486 2209
62 3743
5386 4335
6864 7466
4014 4365
5128 2149
4735 6665
7343 7070
5154 1557
3669 7760
4904 3528
7162 574
6096 4098
5829 680
8763 2492
299 3607
9079 1565
8961 1389
2881 5887
6734 9018
736 1589
8227 9392
2101 8816
2493 6621
137 167
1758 3816
7562 2219
9468 6072
9172 1401
739 7791
4665 593
3789 9429
3891 7584
2669 7451
8786 6212
1170 2695
1499 4665
3822 7299
4426 8699
1588 4231
1520 8188
9438 4736
9104 8326
9903 2457
946 639
1416 8262
6022 7221
2484 6622
4110 9475
2815 5119
4337 7867
5986 3117
643 2098
3889 9443
5402 7610
1851 1512
3726 8987
1869 8132
1274 3166
3485 3894
1901 5991
5642 8545
1812 1156
5301 4653
9617 3712
3718 3736
8346 573
4840 6211
5919 7948
5316 2179
2750 9508
5557 4754
3783 2640
2978 9629
7620 7510
7753 6460
5431 1163
1139 1922
3465 7216
814 4663
9398 7297
1400 5756
5123 8779
8652 5182
4706 3668
3812 5779
662 4658
4789 9875
1207 8072
7281 7008
7951 2312
6660 9504
6755 1441
3586 9919
2163 8758
431 9339
4596 6888
9101 7042
8078 1578
8472 752
9445 6453
3724 4389
2269 5421
3387 3026
1539 1806
7532 5375
2989 9785
5132 13
4964 5619
8393 8213
7676 5037
2536 6688
2047 3970
6801 4288
7662 2234
399 8703
359 4687
4660 5823
4846 6603
3457 2232
4146 7880
3254 4951
8079 4765
9298 9672
5118 4323
2430 5740
1298 9948
2227 2179
2104 6269
3744 4689
1301 4644
9892 7347
8148 5854
2306 7299
7045 9468
8832 1266
8976 7213
3977 2671
5804 909
61 5238
8699 670
9434 4674
449 402
4826 2863
2929 3810
490 9626
2551 5118
9535 2890
2146 828
8782 2529
8693 7275
5663 6002
4299 8787
4844 8649
8616 3363
8530 4590
6756 740
6396 6454
7013 8038
1114 1385
8000 4121
254 92
7324 890
5617 8880
5395 5651
9132 1842
9298 5438
31 3393
8232 645
5484 9961
6185 544
9855 2333
7565 5415
5273 8577
2177 1479
8182 2995
7107 555
338 1796
1369 7038
7012 6669
931 6018
6233 9741
7350 4319
4553 8009
8692 3644
4158 9871
2142 3837
8478 8116
2436 9352
7781 5065
1224 1912
1234 4049
7133 4892
7771 8990
1773 346
7030 3386
9586 9185
5383 2359
9025 7040
1822 9890
6002 3345
697 8183
3233 8565
2279 8715
278 7852
3301 7152
9483 2575
5879 2322
7729 6840
7062 8112
4501 9135
2362 9188
1324 3538
2692 2407
6073 6006
2853 8179
4766 1790
6793 5836
3510 2470
7422 271
466 1082
5630 5565
4991 927
5681 3884
8112 9837
5333 3111
6073 1408
4705 8997
9251 7586
1777 2221
5917 4079
8162 9356
4921 4067
5747 4887
2827 4067
2249 2623
5801 8395
4849 3214
6337 5432
7690 1999
6308 233
3466 7311
9886 8140
8396 471
7344 458
7592 4845
3701 6994
632 6127
3121 3220
9448 5373
7098 4783
5653 7114
9511 9588
6828 7303
9028 8160
8755 7416
8411 4782
6763 2078
5609 3373
5818 7942
2886 4427
1203 7605
5355 6606
5061 9139
8041 2697
6192 3734
3633 6721
6192 8924
400 4889
8457 2080
4575 5980
2758 6298
7644 4785
2102 9194
6424 4820
9188 2934
9368 7440
1615 9475
7645 830
9814 7709
6821 8542
3185 6836
5543 2285
2169 6247
3993 83
7692 7469
7494 2604
6365 52
5197 8297
1313 8110
8945 5718
6244 3535
8930 8184
5267 7827
3118 4854
4427 1818
48 8369
1671 62
4858 5855
4122 2074
7594 2504
4862 5424
4193 9757
5760 7955
4896 9861
8906 6126
5484 3266
8981 751
4722 9035
3585 9003
6945 5342
4482 3204
8054 5356
8562 5166
7385 8026
971 4360
1970 7309
7999 3556
2705 6861
8902 2767
3385 6794
7648 938
4170 364
6011 1058
9952 3166
7462 5555
5894 588
3097 2150
3204 1728
440 110
3919 7036
7266 2087
3036 2171
2294 4976
5411 8284
2634 2116
7400 8564
7955 1595
1401 4578
8229 4994
5796 3193
3032 4614
8579 7449
5481 1639
7330 7929
9935 6021
1497 2837
379 4095
9400 4304
1085 1069
9012 3695
8545 3233
452 5640
4362 7300
1675 2200
3940 3475
5853 2762
4910 2596
2638 1461
4530 1773
7133 3824
8768 1033
2910 4765
4564 6043
8006 9309
108 4714
2309 3626
1245 7687
5904 5873
399 2312
3270 9483
2051 1221
2828 3331
6089 3731
6627 7743
439 1611
5010 4650
1552 9295
8247 9010
3473 4426
3594 5000
9705 6850
9459 2752
2208 2582
148 3933
5760 7408
562 9283
3008 5293
3230 5724
3286 6546
6436 1684
3122 4240
8521 6634
8799 2711
4634 2792
8238 1669
4211 9546
8872 7555
1634 1864
4264 4954
3635 9776
6559 4935
630 81
332 6333
7561 907
7793 5569
293 9941
3425 4634
8377 2128
6258 7074
8174 402
1540 8574
339 1995
1656 567
7815 3426
9078 7023
6140 8318
54 4990
5278 1733
3440 1651
191 1921
2450 3529
9316 2858
1839 5114
3463 8759
2796 1064
9705 4397
8413 1387
2897 7969
8079 7545
9197 2889
3179 1629
4251 9714
9305 2443
7439 4272
7575 2983
5791 7044
1155 5361
573 1846
8454 8471
4314 605
8307 7135
2556 322
7787 6707
8929 7689
9145 7322
5107 2914
5127 8891
8813 7337
4140 3576
9986 1792
7595 527
9429 488
8485 3917
4200 9088
4972 5834
5918 4051
667 2411
8504 3384
6923 1511
9812 2259
7501 8920
4688 8267
5853 5562
5135 143
3163 3263
1786 1343
4644 1015
3856 1398
9036 9561
6922 9521
9003 2797
712 855
1709 5913
7622 7482
9141 7188
7843 6735
896 9270
109 8579
1534 7557
1722 1568
743 8356
5000 5066
3459 3026
6730 7616
1171 4654
289 845
4756 5704
811 8161
6460 4112
3842 1730
6688 5554
2295 4434
770 8798
8809 1144
3256 9426
2084 3528
8263 7505
8247 4434
1572 304
1210 5834
3754 9524
413 3264
4828 715
9317 9874
6142 1853
8652 5049
2424 6057
4858 1134
1965 9522
6962 7493
7519 428
3949 149
6506 1149
5478 5829
5564 4638
3244 6996
7186 7816
7199 2968
6833 7636
950 6393
5513 4015
2562 9110
767 9936
5765 7946
9725 9335
8619 6668
9766 2906
282 857
7955 8122
4763 151
9633 7846
4335 3445
8036 2655
8001 5061
3820 840
143 6359
3986 8389
1032 4587
855 4102
6588 8118
3286 2376
5567 3253
1249 7903
3002 1310
2761 1860
7055 4787
7297 2045
1387 8086
6797 2036
4403 3639
2978 6412
9528 3635
7311 938
1478 9059
5591 7451
5230 4239
5002 615
4219 3641
7029 7304
1245 1183
1192 7798
3617 7789
792 5776
3460 1244
6506 6533
7098 8461
5744 8099
2444 109
2595 5841
8377 8189
6864 4568
1769 2873
689 857
4351 2646
6661 4852
5895 6167
9441 2881
2759 2662
3431 6337
4305 8893
2940 451
1274 4744
4769 27
7423 8892
9295 1975
7113 817
9072 2846
7876 8748
5943 9380
3472 6231
8638 6863
6850 2497
3681 17
6362 469
4789 3831
4709 755
7145 3563
6332 7264
8551 6466
7876 5670
94 4486
399 6856
81 5372
6877 101
3610 5630
2961 4427
241 1876
5051 2160
6120 3922
1322 8770
4358 1623
5928 9898
9037 7048
515 6765
1511 4157
626 8630
8776 9135
785 8486
4257 4867
30 3457
9468 4849
4433 7512
6351 7403
4116 4514
164 6410
2830 6122
9229 6257
4310 3465
5580 6881
3583 9881
2634 326
3261 8710
768 2583
6864 118
536 8170
1712 4844
9733 3226
4557 8273
2886 1067
3530 257
3518 3322
2396 8313
6059 9372
3779 2305
4001 2061
2783 2115
9957 869
8 8505
2006 9267
1513 5718
5368 8844
2182 1378
8714 1095
6948 751
1262 7520
4721 3362
4362 4051
9546 7731
7632 1054
1864 3031
774 4656
7730 7139
6232 2892
2463 4217
8277 4348
1227 2075
3965 6922
5645 4490
453 1679
184 9862
2151 2530
6934 7908
8198 3121
7595 6061
6581 1426
5449 5492
8782 6698
3725 5140
2710 455
9825 2758
6626 285
4739 1737
2581 7705
1310 7857
6030 9780
4713 1598
958 7002
9664 8033
3527 4036
655 260
6499 611
2968 4892
7111 6148
8278 8023
706 4750
1929 4126
2764 9193
4426 4557
7165 716
3393 1848
7945 4971
5882 5772
576 9882
2054 2994
877 8150
2752 1255
5771 3790
6975 3923
1708 9310
1095 1608
2290 8373
508 902
732 7352
7838 9703
4681 7365
6404 3398
4986 21
9766 8713
7778 5470
3683 8077
5005 1445
7841 2289
6426 5157
9311 7691
5907 7255
7376 1127
3562 4871
1 2818
3615 5993
3512 3593
4307 9170
9623 6257
6228 1573
4594 3514
6675 8122
6956 5944
6785 7086
7659 5341
6954 3446
3011 2558
9917 4488
3060 4123
4447 723
7722 8717
9225 132
148 2476
3068 9163
282 9327
2775 9382
2411 6737
895 9352
9581 4323
5519 2280
3566 5090
1784 3300
5091 395
4787 633
9436 8781
7654 4635
9619 1890
328 4024
8907 4331
7780 6248
522 448
5010 9211
2480 9546
6174 2496
1007 5134
4548 3287
9594 9503
9915 5745
5210 4575
7624 9297
3648 4387
1122 8378
8546 9432
6624 3550
9693 8222
2480 6185
4707 1569
9510 221
3696 9318
1062 2537
3424 4683
76 3388
6910 8547
9473 5156
5310 9452
3031 1519
3252 7474
7240 6984
2381 4981
61 1854
2054 1363
4657 1337
5776 77
649 2750
1193 3006
621 3218
7349 5281
7793 679
5941 1664
9736 6517
4999 7378
2922 8994
4982 1613
1184 829
9663 8568
8825 4854
2707 6269
2250 6785
7200 6600
3795 2390
6299 5829
2678 6975
3355 6820
5580 2168
2977 2411
1514 1817
6591 491
5603 8738
2525 4134
739 1716
339 5944
3397 3806
2524 744
644 6147
997 2678
7743 8165
8329 177
6412 1271
1904 1789
6269 8233
9189 143
6010 5415
4597 6711
7915 5325
9920 8334
2695 7166
5109 2133
5630 9665
7065 3671
9865 4443
6322 3174
7141 3073
134 5076
4200 5924
1353 481
3577 3884
5327 1068
1195 498
7351 1690
7666 9014
8011 3152
4800 6800
8887 4794
7938 5244
7643 3823
476 1737
394 6460
129 4745
645 887
7195 6049
507 9160
626 2892
8868 9004
1783 8911
2307 4434
4064 6607
3717 9933
668 2132
8549 8954
2012 7727
6590 848
4067 6929
1551 2043
6128 5662
5502 8419
5300 3863
7196 4501
1495 7903
8630 1959
5741 6886
4423 9506
1706 9906
1880 5461
9543 2745
8040 2019
7612 4080
6493 2044
940 2327
7971 2503
8990 7830
9116 5694
2482 3790
449 1928
3908 5931
8159 5567
7813 1013
6908 5531
5912 7501
3043 9859
6614 7248
7672 2523
2736 2866
5739 4112
1984 1174
8945 4566
7489 9774
8055 9196
3306 2630
693 8848
8301 2146
4605 5882
685 1367
8610 7960
8661 4708
8291 9556
5272 4006
5533 6678
3081 5530
9972 4191
5637 7221
3910 8867
2844 6010
8047 4224
1158 23
7475 2747
4377 2600
97 2077
1861 9194
5758 5190
6554 6791
1378 4990
4265 5470
1791 3885
5599 3835
6871 6929
7272 8190
9933 7629
1490 7577
3965 4019
2547 4077
6859 5366
2555 494
2373 2027
6573 4281
3465 7969
1436 9336
1716 3620
7414 4469
247 7662
3450 4547
6987 4587
9715 5508
9905 8578
327 1819
198 2780
2441 6267
4788 4494
6847 4343
5334 9222
816 3902
9888 8936
4799 3971
5402 4320
6951 3054
8547 645
4989 4163
8394 5777
6627 6172
7211 9960
2112 1425
2590 5503
6055 2454
7430 4767
7846 3536
3990 7981
9762 8560
8923 8253
2252 4252
9093 8505
3420 299
3841 5831
9985 9534
4441 3194
1357 3281
3355 6239
4698 4586
766 8624
3576 9966
1662 7018
7896 7525
9666 2703
6988 3958
6474 7691
1885 9520
4391 8035
5860 4125
788 9999
7825 3472
8329 7423
7835 4780
121 5496
5474 973
5414 9917
3561 2455
6145 6548
5707 5931
9916 5466
9588 6618
5098 7637
4190 1707
9766 3989
3887 1060
1659 6158
5409 9559
2871 2348
5445 3675
2278 8491
9733 939
6060 9801
1294 1849
1634 2878
8268 8144
4042 5908
1430 9219
6575 7731
2971 1531
7155 9288
6562 4375
6974 7229
7952 4713
9533 8853
4057 4526
2899 5817
2677 8256
7234 1952
6013 3692
3315 3584
6604 4998
1871 448
996 9791
5403 122
5621 9849
1934 650
7026 2350
1127 9151
3831 1030
6216 5538
4680 4581
9833 4807
7190 12
9146 2599
6957 3835
3636 841
1156 846
4014 1918
828 3403
1331 9750
7144 9413
3331 2779
7485 7968
1185 8213
1824 1229
5204 4992
2454 1374
23 3516
4924 287
8871 7052
6806 4689
3889 4219
6181 8957
1355 5632
6965 7685
8575 5844
2777 8922
1152 7955
9441 8811
8532 6196
1119 403
7723 8970
5051 8133
7256 1241
3721 5508
5318 7006
7263 5330
3163 4466
507 7271
114 392
1221 8603
69 3484
7195 8376
8401 3015
7226 4269
6409 3449
9758 7786
9836 8375
5179 3526
6269 2120
2067 130
6146 792
6091 9195
76 3710
3766 677
9047 1394
1167 9428
2700 1158
1548 8403
1537 7469
4704 917
7485 4255
761 3933
1156 4331
7085 5064
4001 5885
962 7188
8389 4549
3686 2793
3572 5502
8624 6653
2826 7418
912 162
4761 6236
5075 4415
5264 1281
1327 8706
174 2415
9491 1321
7980 6482
3537 84
241 3483
8654 3578
8191 1325
4004 5176
5577 928
4108 2494
959 6129
8342 5369
7709 1726
141 8270
4180 2729
9365 5659
7127 8284
8641 2838
2682 9071
7135 5243
1570 3652
8491 8560
9704 5895
9176 5904
7916 5670
3472 7680
3531 9709
7347 7591
1212 3878
8876 129
4411 1557
6336 5284
4424 4198
3964 6564
9907 8954
5472 4285
2339 8347
3185 4107
5404 3040
7663 6460
1997 3177
5963 1178
5319 5576
5360 3007
969 8571
9234 9919
2497 3212
790 8480
4740 2883
5103 1634
9516 7307
4964 5460
429 1080
4282 9431
1040 2884
8706 7283
5354 2912
7528 7924
4271 1028
5466 6206
8934 9421
1293 9837
2296 9613
2548 9941
7786 4965
0 3013
1129 3382
1468 8157
5622 3912
2332 9622
8959 4769
9066 4618
2846 5305
686 309
1077 8054
5832 3802
9184 722
497 3636
15 436
5881 5674
2316 8015
1616 6931
494 3149
4690 2041
242 5062
4858 996
7208 106
307 9717
406 2820
7091 5638
850 2094
8656 6543
2691 5390
4038 447
3603 9575
3974 24
9162 5421
3822 1144
2484 6434
6814 6136
9111 4657
6331 3356
7818 8698
2885 8409
5216 7756
7479 2451
2064 2751
5980 3143
5581 8772
3265 3057
2542 4738
5154 3457
6685 2318
7969 7577
2973 4211
4954 2224
5694 5265
3323 2404
203 2409
2477 3452
1766 5262
5050 6091
7405 9497
7290 7546
978 4009
7196 1936
7420 7797
5788 2100
3754 1138
4098 546
3087 8429
98 7337
1751 3552
3075 6059
2858 2815
2386 3314
5903 6571
3404 820
3323 4220
5370 4945
5968 9258
4978 685
8111 7483
1980 9061
3085 1412
2684 8843
8847 5488
2802 6841
9112 5465
1024 843
7026 4863
7207 7270
6549 9494
845 7373
9662 7537
4996 6998
6880 1831
3981 1088
7671 3675
2117 8473
5541 8337
8758 6
1760 4059
8406 4117
9659 858
6951 9922
9261 1791
599 282
4296 2304
2790 3200
661 7325
8206 5171
9005 5776
7949 4650
3383 5334
4657 5800
5263 3866
7337 3652
6958 1145
9347 2316
9746 2019
5831 648
3943 5344
6630 7890
8368 7892
551 2243
2171 69
762 8192
1046 4395
5860 2140
578 8785
3687 5018
9847 6415
6263 3682
7426 3468
6284 6617
2441 2934
5072 285
1921 7906
6935 1078
6007 1198
1491 854
8098 2692
9579 1597
6451 4504
4063 6129
8818 1685
8457 1494
3972 9070
5161 4791
7297 3727
6691 5352
1574 217
6404 6190
5772 9683
1860 9886
1119 917
7551 781
4118 8126
9506 3582
4222 2620
7901 3539
452 9581
3476 6969
6108 4258
7913 7523
4887 3990
50 6230
3757 7184
762 2702
9917 5499
7059 7877
1199 3478
2791 8408
5263 9098
6050 8712
8236 609
215 3073
6055 9380
9944 1491
5860 7255
1819 2799
7339 6926
7838 4283
4163 2622
6795 8603
7762 2
6936 8889
493 4115
5417 2819
6570 3565
2076 3599
2747 9175
4319 529
3054 7143
4381 2100
1295 7998
7152 9354
8545 6911
5968 1415
3632 6897
1604 6538
3697 9541
5952 3394
8828 9155
5975 833
2369 8952
7234 1608
5669 65
6131 5624
5453 7843
6710 5349
3258 4423
6179 1486
8667 2267
938 6135
4929 690
1407 5140
9902 5046
6601 2378
6359 9327
1287 2443
4763 5807
4893 3687
9412 5267
3728 8027
1084 8046
6801 124
6980 4205
519 2472
2793 4603
2423 5971
969 102
1589 5426
9835 7380
2351 2197
4164 6087
2421 8652
1297 3104
1961 5989
5778 4702
4734 3820
3538 1655
847 9704
4944 4413
5875 4022
4186 846
2136 7061
4386 7320
5137 799
92 1971
2969 537
9819 5936
3573 3572
9152 3660
7948 1479
8057 9896
2942 6305
6981 9525
849 2375
2439 3427
8700 650
8066 9139
9631 614
3411 9324
6329 8518
3291 3643
6098 8519
2636 842
7285 6626
673 442
8999 4375
9148 3417
3389 9350
9067 4025
5915 6940
8450 9330
1270 7634
4306 3740
5063 4144
4792 7896
4494 6853
6992 9836
691 2270
3181 7718
3133 5852
7048 6134
4964 9515
2329 9742
7683 9371
2964 1107
4969 2443
6473 8999
659 7513
9321 8453
1938 5519
9077 2271
9008 2713
4642 2042
2234 2871
4748 5843
1573 7817
3349 9099
860 7075
7508 177
243 4053
3190 814
6982 6362
9303 8804
5564 2883
9324 8516
2018 9149
6085 6322
1095 9931
8397 9254
1799 3811
5155 7733
5862 8400
21 4236
9103 6127
752 2480
2985 7640
6966 7846
5066 7869
5596 4084
8351 8891
5738 699
9090 9708
1190 3238
1967 519
9901 2276
7315 4203
2317 368
221 3258
9060 8566
4932 9526
4675 71
3828 5131
5229 157
875 955
34 2353
7903 6691
6768 9345
9019 5
6300 8984
3257 858
4339 4161
4727 6618
5683 3894
2658 3946
4903 8102
8230 4281
1330 7211
9919 9203
3053 6091
1736 7853
1415 8065
5933 9414
3446 4335
7744 9311
8538 1890
2585 3593
957 6529
9808 4993
8538 6455
1947 7649
7064 8484
8453 152
72 5831
7073 3398
3110 1921
1336 1394
6767 1064
6312 7337
3097 8153
200 6401
7701 2812
7030 4176
1021 201
4990 1362
9647 3193
9584 6474
9653 3909
9189 916
3784 8449
8678 4553
3932 7568
5108 5361
6776 5504
2715 8745
5617 5858
1111 2099
8590 7621
8926 9805
150 6336
6743 8584
3958 807
7388 5859
7789 8342
507 9253
4943 6637
9650 9338
3285 1297
8829 8525
8047 6118
7514 353
5513 4799
9839 2949
3164 7837
9823 4199
4968 9245
7216 996
9932 2658
3123 7747
8780 1510
2044 6274
4036 9240
9377 3048
2548 6184
6785 5335
2659 3877
5666 1913
8289 2763
8921 6508
7831 3335
9230 867
3749 9609
2004 3069
5814 3307
9775 9193
3487 6470
8822 1930
3823 5659
7712 4391
6630 9939
7853 9574
7068 1515
8844 980
368 4096
7460 7184
2005 5690
8931 8546
7853 154
2244 2224
0 5249
2512 3345
1374 2594
3238 3467
8192 8697
4303 5669
3332 5734
5499 3357
3554 5367
898 3612
1940 7081
7842 2091
1193 1636
8290 4839
1570 808
1087 802
7180 4312
4502 7323
8345 5401
5846 7451
2020 7980
9794 2244
3654 675
8675 1766
744 3965
840 4165
8463 7370
684 11
7574 5698
801 3994
4365 2378
7109 1740
4579 3466
6127 5158
9070 2788
1280 4344
9211 6166
9575 726
7936 3614
5245 7328
2328 3894
8543 2693
433 5298
7228 4368
8635 4752
4903 6073
1496 9743
1420 1028
1159 5482
862 2953
380 3973
2799 9568
5289 6955
2010 8670
318 7215
2225 2650
9627 6185
8345 8925
80 6294
7555 1963
3573 3808
160 7466
8475 9031
1369 6715
7550 4936
516 3828
1268 2317
1434 3020
3212 8212
9951 6150
287 381
8911 6645
8592 6002
4523 5135
5913 2014
7174 7053
4554 5447
3299 9416
462 3321
5384 6410
6538 5713
3079 4483
5052 4560
9488 1663
3847 300
3222 8592
6112 4465
246 5274
5525 1649
5816 3194
581 9263
2625 1557
8051 2034
4959 4033
1004 3873
4475 6180
208 6232
749 678
6750 1969
7154 2972
1098 2757
7454 5884
2097 4466
2131 2172
1124 2569
5007 434
5824 8645
1721 2685
1321 1166
5615 591
6622 4743
5096 2647
6375 2187
9943 8712
9516 4961
7469 3966
8877 4861
7790 5448
2950 2200
8114 5968
7057 9234
4920 2802
6120 5440
6083 9810
4256 1823
9795 5767
8938 1593
9070 2136
5392 7091
9593 3522
2216 1090
6369 3555
9571 1246
4980 9625
1593 605
5982 4131
7999 2512
7946 9625
7560 6885
791 7765
4830 4224
7676 7532
2052 7328
9451 5747
1435 8957
9471 8014
2872 2753
722 9374
3527 5198
8079 3381
103 1083
1730 3606
124 9420
9240 2533
6342 4757
788 8081
365 1021
2852 4841
3466 550
9189 8961
5768 2013
5759 9123
6643 1885
4609 5748
346 3029
6719 9450
4046 4165
1215 6838
9876 4741
4846 4098
2910 8289
6220 303
1197 5182
1326 4422
3087 5627
942 5411
6748 4757
3132 1797
4979 4752
8048 7688
2409 9784
6838 6774
2780 3190
6216 6741
3549 6917
3714 916
1763 2476
7337 1459
3369 8864
9699 2763
4628 7848
8747 7438
684 2565
1491 3777
2909 8313
4399 6852
151 3327
706 1709
668 9107
6805 2984
8391 1478
2436 8265
1269 1008
1486 870
7661 3943
9689 969
8665 9806
6375 8465
4670 3168
728 6862
8033 1711
1918 158
9508 8888
1759 743
2325 4842
4986 7821
6751 1554
7786 6992
4549 186
3299 4263
5747 8735
4912 7735
9173 3524
7809 3834
865 9180
2896 7336
9712 5466
7351 1955
5145 7324
1420 5666
9600 3155
7169 1860
6295 397
7027 1974
2380 110
4837 1618
7121 6700
4094 5187
9786 3006
8080 7284
9783 3461
626 1175
4141 8381
8119 5539
2020 6832
2690 4164
3622 6256
6001 6278
1642 5430
1675 7857
262 9273
5784 7070
348 1428
3386 4481
274 9495
6929 7281
5832 9559
1248 1129
1770 8203
9424 5322
8414 4764
7451 4764
6095 2722
2456 5410
9521 6451
4997 300
5233 9358
5890 4726
8804 7382
7185 5985
8343 8377
4018 1036
8640 8444
9113 1562
8563 5840
1548 6857
3349 4401
7720 9629
9046 1074
3177 1773
8185 2321
2643 5670
1945 7263
8064 696
5936 8962
7217 9853
9073 6510
5925 8099
8002 6293
3663 8368
8076 4232
4901 1680
2782 2453
7161 6073
926 7395
9059 4413
3248 7022
8740 1605
5905 4963
9521 449
2118 2601
8913 6539
2042 8922
7714 182
8473 7134
3118 186
1674 7630
6642 1611
5898 3787
585 1521
8624 982
5425 6535
6180 445
2796 9236
1649 644
774 8134
1429 2264
6564 803
3263 3601
3530 6958
381 7895
9578 2991
1644 3809
8878 4855
4141 139
5623 4938
5392 7209
9507 1629
8955 8703
449 7809
4230 5805
6520 5500
51 4933
7214 5528
6171 6043
3464 4358
463 5080
226 8560
54 8026
3749 7092
7246 7785
2752 5780
3092 7916
8430 7720
1143 8100
3458 538
4563 8414
5436 7992
5379 7870
6626 8693
870 2554
5466 0
3366 341
1032 902
7905 3973
1234 6623
9966 7657
7941 8922
5228 126
6256 972
3320 8528
3180 8792
9791 9081
2566 5352
6997 6811
4891 8518
4803 6057
8769 1875
3143 3490
5078 9781
3046 5433
4430 1278
4603 8745
3225 9882
5521 2444
7808 9795
8192 7127
83 5173
1594 7014
4924 5790
9065 5314
3461 6612
9416 1453
4564 7741
3794 9713
5174 5730
3460 1375
7109 7166
7235 2828
6933 647
2434 8790
2409 105
4777 2606
336 9590
8016 4295
1625 2495
6633 7818
1618 8906
4014 6897
4057 4680
6731 6236
2176 8303
6930 6546
3137 7623
189 3247
9783 1844
3827 9701
5109 3773
435 9853
4575 8772
2155 7808
9471 7282
1283 1344
50 4862
9110 1225
2547 4818
3427 1990
1822 8145
7432 5826
5415 6016
9200 7434
9362 9722
6318 3271
4787 8702
154 5624
929 8406
818 9215
401 2870
7692 9835
123 3672
401 4638
2831 1316
3411 2244
6876 9697
8639 529
1275 2504
9996 6193
8971 4624
3682 5660
6205 9039
2775 5083
5943 5124
3815 128
6081 6257
8284 5523
3495 4189
7811 6487
9111 1330
7890 9208
1236 4097
7946 6744
8957 7429
8463 334
9983 3484
169 9460
3568 170
4171 9220
6873 5710
301 2640
141 4660
7592 3695
6416 1628
8528 584
5097 4734
7702 735
1267 4648
9877 1311
3287 2119
1163 3089
3195 6291
9626 5880
1643 4506
3396 9914
3928 93
70 7824
6832 482
8242 7920
9307 9784
7128 9599
5486 383
3434 3903
4319 9730
5991 7869
8434 3543
6765 8514
1680 3887
4945 3957
6999 8391
7681 5858
1366 8718
5017 7480
7041 5155
5039 9656
8865 5763
955 4758
3664 3044
7615 5842
2207 5655
2849 2922
6721 7414
1656 9806
4080 7745
4353 1406
5941 8799
7137 4649
9445 7498
8807 5164
5178 3074
3788 1920
5006 1449
6148 6167
3508 2464
3597 3853
4098 80
5707 1235
8330 7994
2837 5351
1138 5393
8981 8259
5890 7572
9615 3092
7634 5920
7468 2697
7604 453
6012 5411
723 3298
1902 1682
1506 6863
3150 3112
8188 9156
7937 24
3140 3766
97 1807
7645 3796
2864 3174
1624 8072
3962 967
7297 3520
1611 8217
2901 9309
9970 5237
7399 3135
1190 8580
2812 4740
2155 1690
888 9509
2362 6007
4514 265
7293 3195
5256 8213
7284 2938
7834 8998
6099 2149
5730 168
9992 552
4357 2056
7878 4578
8890 9383
1082 1415
5847 5456
399 251
751 7157
158 9916
1371 9342
1133 1457
6697 9415
636 8916
5271 8732
787 8504
7868 9410
2338 4985
1917 2846
2759 6695
9500 4977
4217 6657
1869 9209
1753 4345
7762 5428
4912 9898
9055 6015
1073 1698
5158 2562
5594 1317
6609 9308
1731 3810
6140 298
4479 5142
1505 914
1483 4708
3442 1687
461 7338
4387 145
2365 3272
3843 8871
6047 3971
6687 8000
2958 7876
6552 6466
4769 3450
2226 3989
6501 2110
4866 7444
1530 9305
2144 8429
5712 9187
2594 5349
4191 4150
2820 7119
1058 2800
9360 2694
7258 8289
1942 1441
8235 8474
3749 3492
7801 3503
607 4326
3960 1131
2191 8932
1030 6362
2509 8060
3084 2937
892 3887
7389 4184
2033 8123
1769 5913
4290 4840
1884 3214
8632 2319
215 7236
2725 3062
45 657
6115 6535
8459 9880
5480 393
2488 3038
1854 3304
1063 1410
38 8479
7152 4823
9789 7689
1051 9414
6626 8308
804 9201
8548 4326
6888 1263
9429 9677
3107 9150
7486 1848
259 764
7002 4866
8857 5458
4276 4955
2465 6549
2440 8156
3526 6038
9681 9154
343 6353
4714 2585
6710 5299
242 4481
9285 8644
8582 8673
8727 4134
7015 4534
2544 9025
722 8876
128 1107
1424 2622
8294 4075
946 79
2777 4729
2896 7580
807 6017
2277 5034
7233 8843
9902 5431
6550 8669
5449 8048
6727 2834
4010 8457
4390 8475
4334 2170
7956 5053
6747 5318
6735 9765
3549 1026
2520 6624
9762 7815
9176 7384
506 6987
2961 8026
5392 5202
4767 2219
7136 9862
5596 9118
5557 6651
3821 2714
4532 2690
1789 9026
7845 6264
3329 15
3673 7934
4439 7286
9984 8337
7540 5452
4525 3068
6050 7577
3283 7709
2292 842
9371 2980
4853 4616
9311 1773
7158 2275
5832 6500
8009 2765
1966 9675
2141 4340
1186 6132
4449 8113
7768 1176
2082 9446
8018 1185
2372 5023
1401 6835
3661 9290
783 8311
9260 981
5298 2761
9830 8669
3953 7923
1726 5879
5757 2090
6961 8375
2718 1904
4983 3442
8255 9482
8142 5490
8508 34
9125 1888
3999 5115
198 3281
1847 1040
7222 9211
6145 5237
7187 2433
3865 6746
9810 9217
9205 2784
90 5113
8060 9184
1510 6854
126 9568
6905 6794
1597 7936
7174 270
241 7463
3815 8257
5041 9323
6004 2029
5473 2367
2180 2150
9433 6578
8796 5044
7201 6385
5488 5182
9092 5961
7800 7329
4493 2102
6636 789
191 6310
7661 4204
4324 8175
3456 1471
9367 9715
5710 1740
7700 9926
4749 7772
2950 8545
7211 8253
5994 8946
3588 6380
5968 7091
8775 9675
4518 3662
3744 6236
6379 4884
2981 6213
383 4881
6661 98
2659 4783
6172 3625
9368 3490
657 6493
9362 4037
5986 5911
2634 1358
8364 291
3499 2055
1765 3052
7960 7266
5051 4592
644 6323
7392 7314
3979 4091
288 5702
7587 6527
528 8467
9904 1223
4982 1323
5498 4556
9388 4533
3461 5745
4697 2091
1670 8675
3907 9934
5001 4900
9372 9591
8288 6048
9841 3585
2532 3804
4146 2528
2000 1111
919 7221
7597 5567
4853 253
1449 4685
7282 566
4907 5152
1985 4646
7112 1164
9388 5704
9361 8448
2545 7034
1817 6001
2706 1601
1418 3952
322 8356
7082 7092
5850 4848
3796 1686
4208 286
1170 9748
1537 7805
5761 5973
8253 9562
3722 3075
7875 2594
7791 798
185 208
6508 8461
4560 6721
7839 2604
9304 8320
5765 438
5008 5202
2317 4527
5125 1105
2620 1899
1122 644
6005 7512
9076 9678
3835 8699
6783 1870
2917 8349
3848 1704
1495 8701
3956 4279
7270 1270
2998 2965
8718 1030
6637 9324
5832 1464
2646 5954
148 3676
7497 729
6499 6249
7143 5959
2500 4433
5025 9700
9995 616
8051 3277
9875 2681
129 5342
4147 7433
3868 4587
3510 5820
3249 4103
1502 1592
3209 9302
401 1707
5440 1613
781 8599
8218 5706
1227 4766
9912 2647
1371 562
8870 9234
7863 2209
4035 4783
5870 9085
4113 2193
5260 5377
2473 792
3033 8854
8240 6672
4200 7584
6833 3736
5353 5407
5408 4322
3411 1023
7249 7964
1130 6261
12 9204
6225 9974
8649 3792
6209 2469
4325 9870
4513 6386
5035 1152
1712 2527
4192 1572
41 7199
5391 6362
5815 7119
897 2904
5410 9647
9815 1622
4487 5813
5850 1840
4920 2031
3829 1806
6726 7717
1825 313
2029 120
2717 6085
6259 7407
6628 5439
3210 1067
322 558
3102 7374
8754 2522
3972 2593
7082 2312
8477 4233
8680 1384
7234 2147
569 3198
9067 5579
3486 1770
5350 1727
9155 1677
4412 3404
9835 6628
3926 1279
2895 2341
7615 5569
6665 5780
9180 2218
3603 2753
2696 5138
855 7946
303 1223
1799 2782
6508 7280
6485 2814
3635 1404
8166 7251
5676 402
8429 7193
5427 601
1096 802
53 5653
1846 6722
9448 3221
7143 1042
4195 2577
5707 8386
6370 7595
1618 8689
5939 8011
2300 8249
7541 4319
5462 7206
2037 5510
6488 8752
1699 7820
6229 4509
1873 8328
4042 2179
4599 5294
2988 6517
3695 5933
8632 168
5595 7910
8462 3643
2885 8365
784 6889
9234 5434
8801 8589
820 1680
6621 3110
7896 1856
3011 1092
3641 9759
5303 237
2710 9016
7479 9410
3082 9410
3559 2313
3041 1630
4015 9161
8902 4126
8177 8911
9577 6090
9658 2030
5575 5300
1589 5469
399 2318
9627 1123
4790 7239
5168 6577
2922 5203
6042 8063
7412 8561
2716 2370
7217 4298
6061 5483
6169 1344
5715 6940
2646 5450
6889 7713
3121 5870
6410 5150
4290 1395
2027 3044
2800 4673
8858 1735
3008 8821
5719 1587
1492 7073
272 3924
3108 1711
3094 5652
2188 7624
3761 4394
6828 3734
7560 2423
1136 2262
3398 7729
1133 4824
879 6010
8460 4127
41 4365
4664 6366
196 315
8274 7364
7835 9377
8086 8603
1784 5581
455 3710
5565 4275
2770 9297
3458 9081
8193 4774
51 9391
1929 2055
6749 7614
9978 398
3019 3118
5509 5421
9896 9528
154 8174
5358 4286
1554 7165
9888 8916
6221 4794
8033 2010
3152 1540
2488 4949
7218 4130
8488 231
8165 5343
6105 9903
6905 6223
7291 5648
2774 9936
154 4673
9957 7908
5898 4755
8733 5778
7000 8767
8081 3002
3425 1856
354 5490
5633 2255
8157 9319
3268 6023
5283 1868
8858 7752
3106 7711
5538 2794
9248 3628
4366 1947
5347 5914
2534 2284
346 4389
174 7970
3239 6793
6380 9082
7578 5079
7535 4666
1389 2824
5745 1486
4368 1255
9764 6101
5722 9954
8447 9314
8990 2732
8788 4139
8736 9686
4665 2171
3998 9124
4273 5616
9424 244
7168 9350
4088 1944
3874 9696
4586 2258
3017 4875
3264 778
874 8200
9197 8996
5864 1670
2941 2426
5527 4772
4153 8910
688 9242
8370 3635
687 2909
8580 5764
6591 1481
1637 2495
3611 1899
6340 3117
1331 3034
8025 1762
75 5395
8593 3068
498 7968
5121 6130
5445 3815
307 5676
8440 2786
797 4486
6329 647
4675 6918
2334 465
1486 7086
95 8008
8098 1946
6904 4729
9860 3420
2894 7652
8007 2117
1265 7600
1508 6954
6202 667
5170 5625
2565 3811
2641 1448
4086 5833
4516 3255
8205 5243
8075 831
5932 5214
9508 803
8922 5129
6663 7840
4587 1748
7576 8308
7992 8461
9419 8552
6892 673
5942 9098
9082 6838
2410 3522
3490 4388
9983 4953
4147 9431
1446 2615
4889 8540
1154 2405
9482 3379
9870 9599
966 3235
16 6933
5174 2872
8014 8622
8560 1060
436 3487
6133 1550
755 3105
2851 3461
4042 4438
3134 8864
7212 5936
4902 7809
7103 789
1287 5934
1291 1807
617 6675
4153 8093
8950 6584
1247 4378
5602 6609
9522 9181
9059 2430
8586 1253
828 9626
7576 4780
9303 4371
5281 8791
371 1573
568 8515
4333 7321
8579 9906
9700 6835
991 6536
7166 1962
1010 7699
759 867
146 9279
1519 5961
5023 131
5536 1351
7196 2197
3824 5322
5602 1351
7569 6181
391 6754
2076 8901
623 8924
6150 9527
3784 7229
4732 9998
5947 6765
8387 7949
6727 5768
9225 6850
550 1455
1918 2154
1078 3071
7727 3787
8955 4889
9852 363
609 7343
3796 9878
6459 871
13 8757
3672 9735
3370 8215
5483 2453
1802 8420
6317 2152
3148 5213
6776 7982
3155 78
1907 4306
591 9319
6850 4416
4774 2377
6168 9842
1689 875
6571 5265
9901 709
8040 5882
2320 7382
9275 5607
202 3835
8308 3450
6753 4162
1456 4603
5868 8247
8743 9491
1319 8954
5213 4580
6522 4652
1418 9223
5582 9296
7024 1535
1841 5902
5476 4928
1059 8545
8217 7069
4121 1371
9517 2594
2627 8657
271 3182
102 4529
5280 2241
4387 276
1173 5786
6221 2182
5466 9027
6205 1748
1872 504
4375 660
8639 3382
6382 8665
7934 898
1008 7416
9542 7000
6431 87
7903 8238
4093 9898
5437 8350
9060 6242
5002 6891
4327 5021
2480 3664
2317 1702
5946 1792
3410 312
9114 878
4918 6922
5402 2515
2587 2680
8043 7359
9190 794
502 5458
7971 843
8483 1544
4434 1673
6380 712
2299 1856
9642 3591
71 9081
3023 3480
9288 7405
4614 289
953 8084
523 5654
3295 3446
5991 5713
2814 9437
9899 9724
8419 4513
9733 8704
532 5236
4733 7632
284 1671
7475 2115
7536 8576
5053 3469
2702 166
3860 9689
8119 8865
1411 8424
4717 8263
11 9144
2927 9028
1150 4219
9863 8603
6393 3011
6997 4462
9227 1964
2227 9833
7770 5630
9355 4829
3408 8312
7279 2274
7489 7572
5447 5499
4487 4948
9309 4055
1679 2291
5555 2067
4253 4426
6265 6559
1898 3244
4002 9498
6185 12
4675 6743
8712 3471
3019 1581
3361 1005
4490 5821
1688 229
7315 169
6247 4788
9455 8237
2990 6466
8839 2426
5722 9997
7626 8406
6317 2078
6907 6883
3213 8474
9701 7023
6386 382
5159 1260
6059 3651
7834 8026
9552 286
9367 7137
1778 9120
7029 168
2555 7869
4655 2519
427 604
2917 504
4086 7698
5972 4707
5611 8823
50 4840
9132 6786
8000 7287
5151 6513
6607 2759
1168 2862
3966 5573
9511 931
4145 9642
8260 2389
9912 9747
8903 6635
9398 3407
5879 2837
7621 4364
6661 1738
4868 2418
7406 3652
4703 1993
4397 1462
3339 8547
1693 386
3373 1745
6498 8881
9289 3828
2805 1577
2210 5526
2230 1547
126 1618
5272 1834
6824 2696
7855 4168
1649 5649
5220 8052
2989 3821
4311 1704
9021 6665
1504 2823
5630 5185
3813 7622
7008 2747
7381 5319
197 8650
9369 4060
2322 8994
741 9227
9303 1772
8504 8044
5255 5844
8590 7228
251 8353
4413 8901
2685 5428
5534 8472
6226 7554
3902 9751
7109 5030
8325 1135
8560 2863
9581 3479
7186 7096
6874 3153
721 436
8751 1977
9610 1809
9592 7151
8282 5573
6732 1050
6825 7798
5124 4964
1816 6168
7439 3361
5033 9426
8277 9978
4647 235
952 3663
7593 7307
8717 3131
2234 3550
8438 8475
8357 620
7942 9836
9564 4935
9539 2365
8315 7218
7532 7044
717 8490
2567 5276
9098 6981
2968 5012
191 2978
5783 684
4858 9482
3428 6979
2174 3964
8201 2696
8408 3453
1021 3524
2158 7200
5025 2807
7248 1995
5863 7482
4121 2799
4723 847
3582 430
4270 7369
8002 3063
9420 7935
5125 9840
6582 8673
548 2023
8008 2303
5166 8797
9261 2215
2969 2793
5225 3406
1052 821
169 5812
6917 6877
4042 2403
6161 8065
9151 5211
8110 5779
4595 4239
3421 2949
1088 8983
3114 9101
9941 5121
3768 5042
7357 7382
1878 421
3238 5616
9650 1334
6706 1287
5993 3109
970 2243
1953 3594
6148 6357
5674 7252
1389 7164
301 2936
2363 4033
2138 7518
9873 2782
4862 9010
178 5177
1332 5598
5987 7601
9945 3857
4331 5049
6410 1478
4988 8538
2115 6951
9367 5071
8837 177
2405 3350
418 4054
7882 3253
8348 1302
5687 9058
7578 227
8378 6602
3953 7379
1517 3006
2594 2434
3997 2018
6704 4133
9308 6186
5236 932
9195 4829
5141 8788
4780 5494
9305 9361
9043 6106
2544 7599
7948 6601
2941 6590
7569 5798
8761 6562
9709 5477
2269 1919
753 4267
9988 3952
8234 1974
6404 3545
2057 8789
7908 1691
6759 5168
2358 7385
6928 7330
9444 4948
964 2298
9733 9004
9326 9297
9592 4910
1190 9735
9574 270
8660 4375
5483 9416
6071 7742
7236 9404
2459 1186
1205 8201
8211 2853
261 9804
6478 3610
7104 5672
9129 6775
5868 2833
8270 2662
7926 6939
9231 3753
4805 1137
873 8343
4141 2978
7985 8804
4750 8514
1025 4059
715 8231
1078 2337
6745 5666
2194 6087
8911 9768
5944 458
9959 6952
8124 452
2420 1412
6592 890
7586 9759
1656 9609
3058 8297
5407 562
5254 8085
4535 4714
6914 8371
8233 277
9162 5770
4450 4206
6011 5807
8030 7349
7723 3972
2862 6149
1822 7832
402 294
8221 1077
9946 7816
9645 8498
8403 8419
8419 7740
3542 2197
634 2038
7813 6354
2006 5156
8001 9573
1607 1980
3197 5
2901 590
107 1255
9697 3903
8041 7275
9681 2425
325 786
4311 1044
4453 5241
9428 969
5769 3054
1057 6842
6032 4636
9080 1744
2630 5670
9098 7880
6665 9405
9281 8543
1827 7496
3418 5130
76 2441
1729 9214
6628 1147
1765 7055
3193 7793
9741 8478
717 5305
4037 670
766 6762
2430 4689
3249 6810
1659 4644
7591 3709
5404 1485
8458 122
2786 8678
4103 4072
5855 5848
232 202
8113 9121
802 8895
5792 1315
6119 3946
1720 6531
9973 3775
7145 1850
584 1987
2847 6726
9342 7007
1826 5675
8531 529
3373 8719
9006 7992
4619 5123
4353 6909
8513 9634
7957 9148
8781 7851
7662 3046
8770 1930
7467 5825
8900 837
9410 1022
7062 400
2283 1865
4312 7082
2847 1740
3222 1079
4460 1121
8492 9221
2919 269
9506 956
1843 2902
165 203
291 7798
7709 2642
4110 9519
6177 6941
561 2187
4916 304
4929 5626
6294 5877
2783 9417
8463 2713
1595 8383
4956 4321
748 4027
6647 531
4100 8267
1850 1151
6912 1051
9391 5945
7537 9477
8945 4651
7076 6619
1188 3289
9954 893
3852 9802
7974 9946
5030 7839
3351 2249
8383 2439
5768 7294
4832 2176
8198 83
3014 9546
3372 7536
2974 4943
3292 4008
662 8958
4768 4259
7184 4131
4572 8371
4750 919
7162 8738
478 1220
9110 6307
5260 3488
2752 3337
6034 5538
1726 9072
2097 811
8647 7841
5808 2645
4382 679
7589 3994
3195 719
6132 4893
7025 6917
9302 4935
2485 8745
8124 4980
5548 9767
1543 2174
2030 457
2652 5893
3191 3645
9123 7039
1785 886
3101 132
1134 763
7722 7815
9615 3046
9528 2277
7215 8816
1691 4139
1498 216
8764 9994
4690 7396
8507 8059
9404 4085
9332 3980
8765 9441
1030 166
4337 927
8726 4156
6449 2452
18 6592
2276 7555
1128 6387
8077 5210
5420 2814
5710 6260
808 7398
9077 5362
6982 3107
3381 7502
8785 3734
3583 9607
9413 6289
3763 1692
3769 4475
3201 9979
2383 4277
1375 8901
579 853
3333 8306
3808 8986
3417 1359
569 2603
9990 5953
9656 5711
7825 5119
2583 3563
7042 5227
5836 5112
781 3690
6149 9043
5249 5995
765 2221
6959 6006
4316 7347
8173 2548
6029 4617
7428 3026
2194 9118
249 3586
1526 8774
582 8338
6088 431
4555 2041
7113 2709
5180 7005
6386 5604
8134 9261
5213 5489
9164 7305
3607 8431
1286 9734
4679 2407
7460 7984
238 7572
6334 9363
4060 1857
9847 6225
8756 9795
7462 4950
6160 7677
6708 4064
5698 6830
9120 6930
4973 1051
6610 1407
1796 8121
2744 7640
9192 7462
7752 5295
8347 770
9936 7774
5926 1405
5992 4441
1811 6119
6208 4773
6238 6901
7571 9355
2457 4498
852 8643
3507 4
832 6412
8919 5774
557 3180
8791 3955
9193 2528
4968 9692
9412 7297
2484 6738
9529 6889
2116 7597
102 6155
14 4207
7689 8112
709 7821
1958 4900
898 2644
5712 2924
8666 9642
4107 2477
9781 2319
8022 9750
7006 8960
3738 1949
3359 1840
7836 1940
3993 6073
8992 5980
2197 2155
9921 6970
2168 7299
9724 9354
489 3864
5699 9479
7939 9436
1593 7881
2694 7117
1494 1743
1946 4812
2038 757
4872 3445
28 2320
1917 3662
1772 9275
4873 9373
4736 6096
7501 4513
3504 8827
9595 148
5984 8635
9758 4642
3165 6016
1168 6473
9164 1589
711 9243
8676 5727
950 8823
6554 248
8042 7699
1197 1180
4252 7421
1325 2334
6914 7544
8984 311
1263 9075
8258 9070
6271 9878
1003 7774
599 2421
3674 2266
6960 3134
4239 9920
4798 4834
9925 8981
5856 681
1876 6790
2894 5773
7293 3368
3931 8733
6420 7919
5083 9092
127 2142
5824 6393
6655 4358
7506 4999
6547 6506
7682 7336
7327 7540
6462 5436
5945 4410
7792 6753
6745 5256
3525 2839
9066 3806
5553 4870
3848 5973
3348 9691
1558 7700
1048 9581
8667 6889
8257 2665
4666 2980
8153 1201
8496 1696
1469 9430
9474 8305
1776 9632
2603 4954
9347 4623
7523 1391
1135 8460
1515 278
1039 9098
6795 8497
3377 806
2005 8801
5984 3305
4621 4372
9376 5741
9681 8340
9151 1709
6918 4715
6962 6729
2151 4842
3958 6047
4219 4649
6539 3113
2611 3954
6633 601
66 1532
7700 7553
9101 268
4868 8556
1493 158
8394 1579
5778 9300
1165 6888
9546 4545
1324 308
7934 3747
2881 8504
2605 438
4312 2826
9059 2691
7879 9580
7705 9785
5248 6498
660 5745
5959 4865
8324 2169
2829 9668
1099 1786
9929 7718
127 3383
9268 8452
9859 4567
9073 3853
8144 8255
7712 7182
6956 379
5618 3322
7197 2280
1373 2991
273 3962
9103 6018
8946 8123
1952 2551
2612 5812
7469 9036
4930 430
6541 5245
9650 8987
4760 6044
7672 8437
7521 953
753 8097
5009 124
7834 8554
7048 8464
8039 4483
6055 3799
7889 9309
3399 1566
884 5718
5713 5007
4158 7822
9703 9942
263 8119
903 6301
4432 2539
8416 416
6724 6239
9795 4839
4121 8301
9093 9798
1828 8605
4743 1530
8966 4326
3444 2526
2874 262
4151 7638
8816 6789
3027 1209
9935 8958
1832 3165
4993 4532
8197 6899
5261 2525
7355 6797
7201 6647
3999 5090
6568 5197
679 6598
4720 7364
998 5894
1378 7929
1804 8629
3644 8166
4745 573
8953 2976
991 1488
8265 3190
7741 3329
465 1806
7930 1935
4051 5830
9677 2919
6280 5553
1143 370
6801 7903
8812 9356
8593 8017
4165 7557
6730 7217
8833 9603
4396 1170
6705 4606
1218 2337
4724 2527
2781 1090
9359 5636
3600 2344
943 7708
8142 7959
9086 4524
1008 1058
6053 9749
7287 1179
8437 4855
4732 8634
9694 5661
3727 4095
88 8635
3190 5525
1787 8905
3655 3691
9266 107
7709 6829
7412 7641
1747 592
1359 9606
3263 170
332 854
3020 2476
5713 9917
4208 3934
3770 9349
8948 4642
4207 3965
841 6462
9932 1891
8931 5415
554 1921
3566 724
189 6608
775 9925
3688 3697
6136 5785
5417 7433
1422 6210
609 6273
4798 9090
9667 8567
2462 5714
3691 5723
6803 3905
2864 9852
6206 7875
3447 1567
9038 6431
2707 7940
927 4830
6622 5271
5020 847
51 7866
5800 2555
552 8987
9250 2787
617 3248
1391 364
263 4668
677 5886
1243 4591
3624 697
9664 1399
8971 7876
1053 6833
742 4642
5095 9495
1671 429
6780 2904
3495 9621
2741 997
591 2628
8626 2620
6527 8209
3368 5501
821 2765
4373 7274
2718 7598
6802 1524
2845 1623
2564 9057
3583 8620
23 8197
4018 3838
4277 8629
4735 8175
5461 2557
7979 927
425 1598
4431 2916
6599 4011
9920 4249
114 4866
4809 9500
9687 6063
9510 161
2490 7009
6312 7917
1024 2941
1744 868
3388 3969
8465 273
8080 7420
7126 5202
8814 5360
2209 6895
851 2266
7822 6176
4206 6023
8659 1764
613 3155
7763 7681
3732 3172
7157 9415
9402 4811
4470 7929
5046 2756
9749 1259
3154 9262
7362 3686
5600 1012
1073 7946
2590 863
2776 6639
199 7874
9728 4863
6565 6558
9663 7992
8672 1933
2423 7508
5130 6669
6578 6914
115 4247
3865 5071
8172 7585
375 3536
7579 4706
6456 3316
7843 3260
6467 2757
678 4041
3190 8324
6257 5866
8793 5708
1026 8504
246 7450
6446 7742
2624 3564
7460 9455
1209 524
1563 501
9886 6026
5773 6213
6279 3350
7043 6444
6513 3611
6649 7347
7233 5277
2493 8525
2136 13
216 2569
4581 2461
9582 9747
2474 2269
6816 3110
6039 8889
5772 4542
4453 1797
5793 5553
408 2758
5161 6525
5074 1398
2934 2947
487 6833
3262 5327
3026 1384
9314 7922
4263 876
42 4103
3746 6589
1788 9855
2759 1606
8348 8071
3521 6031
5411 8328
9089 6665
2893 3174
8695 5833
9282 8026
1416 4285
1355 1770
2692 3902
9210 4375
8652 2933
8685 1745
6962 1870
5349 2615
5843 1569
8354 4217
7491 5200
6354 4150
5432 6289
9142 6049
9771 8868
784 2121
2781 8148
4661 4690
2153 8341
5687 9346
1848 8493
7829 7516
8470 1588
4447 597
8660 8729
8195 3325
3953 9246
3202 7597
1562 2610
3673 6389
8778 3382
1985 6518
9330 3682
2145 164
9562 9729
8834 473
4457 5330
6499 6038
1794 1603
9407 493
6931 4522
5761 4618
1050 499
702 1457
6393 5618
4974 8651
8621 1825
4549 8275
883 2371
2166 4759
6485 7377
6717 2116
5469 6621
4049 9949
4029 4299
3855 4497
4369 8459
2475 5694
4716 7769
7713 1370
1188 9370
4486 6550
4529 2303
8496 4398
6695 1090
2890 806
2046 4671
6355 9710
1158 4929
8668 7417
8299 810
4300 2286
4702 9384
8580 5983
7141 2959
2192 2605
3186 710
1369 4286
8320 7282
6225 1815
4036 7969
5477 7709
8017 4861
1331 4269
2627 2763
7546 1896
5145 7245
8920 1356
220 1790
7837 4378
5909 7451
6167 4770
8223 8465
1077 6131
6088 9488
2029 2631
843 771
3049 1800
7237 3513
9290 7828
3249 8825
532 1018
6386 2396
496 8486
8802 2351
9572 359
6712 9868
9826 8180
6511 467
8205 9816
38 9320
3347 2147
2548 6961
1364 8590
1551 8852
8262 1228
5963 5229
3420 8491
4006 465
376 4202
8671 4465
3662 7454
5348 873
6345 5265
565 5177
9623 7889
6054 686
7321 6870
7683 3997
3428 9008
9428 6119
9208 5928
5071 8450
6234 8605
5572 2290
461 3562
6618 7795
4286 1810
3713 7566
4480 9661
3131 9036
8492 9017
614 9232
7049 7638
6005 5369
2622 1571
2111 5229
9737 6558
3030 6214
8894 6941
6727 2585
6243 5237
1169 329
2018 982
9507 6249
4969 2311
9883 1222
8798 6532
7690 5596
1622 2347
6357 4691
9896 6419
4857 1122
9826 1947
5899 9555
1732 295
9446 2354
7019 406
4757 6599
5024 8764
8469 5309
2876 8470
5755 9599
1494 1068
8368 1430
4899 6591
8634 6264
5237 1372
5718 7043
2526 8314
6008 3985
6764 9034
9538 3079
9723 7081
1874 1285
8299 251
3272 764
1852 1059
9748 4068
6829 7430
3651 7640
8477 8946
3995 9400
244 3149
9700 7390
205 2378
8928 3228
7589 8867
8868 9371
9654 6880
2612 4872
5672 8970
3198 4626
9145 285
7007 76
4590 8585
2728 8332
8396 7103
8748 6646
311 4375
1335 3778
9990 1304
4080 5111
7515 5248
7356 8954
4472 5599
7426 1440
7598 6472
9936 6691
2506 8613
5147 405
2111 535
7402 8068
2639 7126
7588 7709
7354 5988
900 5197
3136 7482
2009 2365
3296 4021
758 4160
8875 5521
6461 5426
3287 4174
7440 9748
6355 1647
4646 2381
7725 8722
5736 1700
2256 4209
4373 3366
5944 4270
7763 7198
630 5271
9162 6214
3860 1225
9441 7147
307 8327
489 6703
4077 4127
376 1497
786 259
3169 3851
5395 7002
8485 1098
3955 5870
7489 9481
3861 7440
7956 3139
1743 7375
7002 4144
3954 6630
481 2958
3405 9689
5301 594
8496 8046
940 2627
1121 4680
2304 2654
973 2490
6459 7585
6496 3110
363 3861
7828 1899
3321 2584
742 231
539 1842
6728 4482
7766 4443
7899 2050
2172 1771
6045 8579
5974 3896
2012 3969
2007 7707
6425 5865
7829 2991
9903 5907
8494 8935
7854 8790
9161 3395
1498 8543
3114 3219
5039 9983
7228 6246
2859 9171
5071 1217
4956 150
615 5337
1035 9518
5468 3442
1121 2617
5640 1174
9222 6754
9140 6845
1773 9527
8631 2955
3359 9062
8347 5463
3697 6223
7697 5786
9774 6465
868 7262
8375 7146
3028 9667
5925 7892
9857 6227
1447 8185
7793 4892
1431 3493
8311 5201
9268 3542
7727 8226
8804 414
997 4050
