10000 10000
2549 7691
3623 5263
509 7623
5043 3150
4833 8540
1316 7335
1605 237
2621 6930
8080 5023
9904 2330
3009 6086
4758 4900
5649 1279
7992 5895
3355 8297
7375 6914
2930 1457
10 3560
1959 8235
9912 6180
2150 5786
8439 8071
6198 3648
9100 4158
7018 8221
7723 4509
6368 9431
6654 8645
3386 9137
7409 9316
9083 947
9812 7317
4306 5519
5660 8963
5329 7052
8808 729
1919 4823
1707 1391
3626 7460
7390 7053
8765 8793
343 3982
3171 1288
5889 7308
7536 8121
8816 1375
52 6916
5732 6733
4779 7159
2241 7255
6634 2371
8030 9436
1435 416
2890 5591
3615 3599
414 9741
4147 9887
7118 7833
7835 8846
9721 732
4384 5419
9954 9189
6262 869
2409 2683
9445 7442
2912 1618
480 7270
5869 6246
4391 4595
620 4020
4844 8487
303 8845
2989 4637
4119 7143
1850 3805
8720 6273
4432 1061
6022 2180
3547 7241
8556 2522
943 6336
3060 3449
8608 8259
4855 7940
7902 1710
2236 5907
3922 8745
5826 2225
9014 222
1431 5222
6818 8531
5025 146
9638 3769
4104 9335
3684 8368
3228 5203
8705 1387
4348 4846
2688 8413
1712 8884
2372 9872
3486 8855
6663 2472
2138 1406
2633 6557
5729 5126
6826 9274
8963 467
8699 2731
1767 4340
7622 7748
9620 9757
9462 4458
9610 1542
3697 5116
3368 8246
1955 9141
8951 7281
664 7677
7038 8561
9976 9394
9281 8796
151 2510
2876 3241
4201 2395
2875 4788
5149 3566
3129 3771
61 8605
8814 5672
4260 6670
8397 5292
3798 8990
5032 6234
4598 9189
63 6713
8593 1490
1220 4407
5118 3185
2805 4140
483 7022
1309 5711
4557 7332
8055 9933
6733 117
2267 663
6837 368
2832 4939
9777 9011
262 5079
2978 4675
4485 1694
3439 3836
5338 3872
4834 7590
4302 7275
2931 7552
3829 2895
3865 4008
564 2881
3026 4668
6449 9693
6603 1552
4320 2517
3045 8641
3661 1984
6809 4921
6076 7314
9748 8701
8384 8812
2753 9191
2636 5849
5938 5789
5278 4711
1628 5824
4322 186
8283 5624
6137 5881
1525 213
5762 4574
3319 5823
3304 5613
9224 2615
3684 901
4937 5087
506 229
3214 6365
9166 1419
9341 3838
6689 8354
7413 2566
7832 9989
4965 7099
9632 9113
1829 6840
8074 9753
2034 3472
4987 2436
1669 6744
1000 4570
3955 2474
1706 257
9551 9928
2155 7212
6961 7110
7290 8191
9956 9936
208 7681
9704 3255
4442 1991
3418 2579
3828 9773
5358 5014
8203 1107
3261 9590
4410 336
8732 9997
8093 8854
9536 4462
9913 1524
2901 2386
5371 6756
8509 4503
3301 7366
5633 8792
9100 6766
2199 7631
9887 5157
1464 1008
5159 3327
3374 1117
9770 566
2004 8767
6971 1113
6009 2056
7402 3154
8543 6723
6094 6630
486 1961
1948 8097
5619 2395
7513 351
9507 9256
9369 4159
1929 9509
1849 2797
110 7412
9516 5892
3051 9469
3125 8642
137 1151
1129 9381
7847 1139
1402 515
9079 7595
5146 2381
1414 6169
6814 1261
7026 5233
4055 4947
7842 7487
9015 1134
548 7625
3134 5292
867 6936
4525 2472
1832 2789
3504 3553
5781 5583
8363 2275
5437 5899
6060 445
8832 813
5968 2399
9210 2405
7702 335
3775 4256
712 2399
3701 6665
5941 8293
7555 6794
5884 2568
9749 3967
2014 3825
6260 6259
2622 7528
5281 9674
9765 7590
8203 2100
2461 766
501 4802
8195 8699
7154 4253
4479 2673
5887 640
5672 2145
1944 6394
2480 3853
8985 9066
4680 2623
9940 6958
5692 6838
7384 1786
7236 7783
6947 3966
5171 1053
7837 3735
6442 5587
7942 2468
212 8209
7640 2059
9174 5180
3758 2459
2349 2548
1695 2836
5694 3356
8775 6008
3751 4534
800 7567
7945 800
5610 9300
360 2810
9922 1996
2764 2090
7294 7729
9712 4595
952 3445
2119 3875
793 5081
1300 5501
9171 5002
1852 2062
4135 5383
2184 8623
7367 1159
8822 8117
6999 3726
5142 5445
4324 7621
3078 9553
6959 9183
9740 6224
6124 715
9337 2394
6604 2960
9640 5568
8673 809
5026 3887
4115 3283
5228 4150
9426 3407
468 2431
2730 5403
4813 8100
7524 2043
3190 3070
3176 8973
6892 9869
682 2312
8108 650
1906 7124
2632 767
8192 649
5224 1122
3201 4755
2948 5448
6264 8395
1039 7788
4056 588
5360 1319
788 4660
8830 1230
7139 7514
830 3921
7044 4058
2217 2112
9250 6280
1904 5796
3281 4427
125 4713
7488 7351
1266 427
4501 648
1527 416
3452 5728
643 9898
6240 2714
8602 2060
7594 7300
8651 3605
1208 3082
2767 4488
1598 6099
1990 1107
4535 8116
5257 371
6475 8742
1455 7533
6535 3849
7561 5854
5113 8662
6578 8055
5605 5598
9710 3196
8443 1110
9828 9481
462 8284
6372 3201
2404 2576
4145 6154
8768 9434
8187 7884
3807 9493
1557 9680
3949 4704
4910 17
2991 6077
9289 5768
3184 7181
3973 9113
8756 5754
8905 9829
4993 5147
4960 6295
5517 2434
3603 4337
100 9704
6370 2957
3298 4202
8931 3151
9248 8514
7468 3486
2747 9849
2277 2252
3682 7791
9245 2343
93 6543
1677 8772
9692 4434
2804 4096
8398 9691
9417 6804
8973 1392
7767 290
3767 5460
1300 3896
6051 5009
9305 3518
5808 3190
4866 5671
1982 4445
7373 2129
9564 1617
390 9329
8139 3369
9365 7063
6197 7003
6382 5125
4911 5653
505 7804
3528 3619
1981 8064
4199 2554
5039 9395
5311 7088
9258 1116
1574 4775
532 6780
9425 6142
1315 5516
6662 6337
2838 3253
9136 6497
9227 8068
1587 1627
667 7370
1012 5638
9754 149
7999 8582
2547 4238
1296 6901
2089 9068
5021 9154
5713 4713
9953 525
5717 5908
511 4501
6033 1050
1 2831
9858 2161
939 2635
9473 5041
4872 3669
5876 2049
7607 3792
7520 65
6126 7905
585 7490
2538 1528
3760 4818
9819 3496
4826 9484
3419 5099
4320 3554
4279 4798
7126 3628
9380 4364
5821 7348
456 3873
2066 2243
1276 9474
1918 1312
190 7797
1587 3783
6004 1481
4712 3560
9917 6576
6654 4771
1450 9545
3697 1868
2060 1764
3127 8513
5169 9502
3004 646
7429 8263
2673 753
6230 1711
2845 3356
3050 4228
3406 6925
8154 7574
3625 8922
2030 9626
7519 7085
5925 3161
5985 4888
1633 866
4500 9220
2262 3500
7411 2007
7386 8885
4198 5969
8000 8009
2289 7455
359 516
9647 4982
6887 4534
6002 6870
6507 5796
805 1938
8516 9730
5618 5262
2618 3704
7116 243
45 2205
3688 2152
8551 2461
6940 5456
5733 1138
4988 5166
2420 487
7309 6924
2642 3411
3691 1030
8654 9815
8795 5469
7250 5545
4012 4193
9030 2762
9130 7018
6889 9198
9636 6255
9103 4744
3837 2357
1941 2239
3900 325
1822 2772
8631 4196
4687 3322
6231 3601
8160 6174
5622 8143
3704 9716
2122 2892
8018 2193
2518 4996
3689 9171
9350 3402
2217 2247
7610 4227
2620 9674
9996 6497
8104 4959
2003 8555
2367 7319
3837 7515
2497 8642
4766 5717
6477 2176
3913 6559
1210 47
6578 2033
7526 8993
4485 6774
8392 1378
1299 856
8752 2668
8416 139
1858 8631
9898 9365
8668 7793
6025 9540
7949 6899
3041 2249
9856 449
5231 9056
1153 9201
9852 2685
489 4276
7175 7540
9169 5308
178 9497
1011 5749
8923 3806
7114 3159
2522 9615
8695 41
8549 6812
8570 5481
3692 1309
5259 4667
3282 8926
5454 5015
9755 9293
1028 7312
6741 7513
2440 6841
939 250
7719 2847
2373 4827
770 6182
6780 8802
6447 5456
6336 1344
4444 4211
7996 9946
2907 8852
6934 5087
7061 2233
2380 7893
4099 1936
2751 2820
4847 1368
4948 4768
6731 1173
1281 3114
2721 2713
5061 7723
7296 5504
8490 1703
2508 6871
4482 6998
3887 814
737 7871
3305 2320
8774 6078
8519 1384
3838 8743
439 1987
4349 7623
2814 2173
1258 6359
7896 2698
4443 4721
3884 2266
6070 6112
249 955
99 7418
5484 836
9116 2998
4654 3473
619 9660
2477 1109
2926 6387
6801 6524
5429 5902
7837 4423
3768 2591
1949 1732
9900 5365
5471 5135
7054 6757
9415 8942
20 9210
1373 6265
7372 1993
745 9412
5472 6211
6379 2525
714 2178
1169 4584
2065 7254
3243 1450
5779 1508
1948 8589
790 9878
6827 8780
2927 3391
9392 284
1744 9038
363 4309
6815 6648
1010 7675
23 881
8624 3830
6955 7616
1576 1329
2047 4374
5043 9315
6881 3721
4240 4049
5692 830
7965 3613
685 8488
6844 3279
1745 3353
2537 3690
2411 8391
9822 714
6723 123
1168 383
3007 6939
4720 1073
3443 75
7345 6800
3108 1937
9663 3790
7454 3613
6081 6289
2039 2572
6933 8301
8296 7976
5335 4443
1360 8094
4829 2702
2073 3825
4673 5418
978 5379
6389 7909
2884 7856
7235 7067
4263 1783
5245 8710
3908 2385
2285 9220
9171 1503
3603 8706
7346 2723
757 8498
9155 668
1524 5377
9715 3143
9915 2947
8828 8320
8625 3452
4453 5198
8206 5682
8294 1728
9343 9997
2952 7165
8566 5337
8983 7894
6738 4660
566 9229
984 8796
600 1708
8756 9772
4549 2136
3463 3621
2149 4020
2910 7311
5140 3346
2817 8899
5858 560
5184 1246
3467 4988
8718 6613
9665 297
5815 5861
6044 7595
632 2392
4690 7970
7643 2730
3522 318
2473 6222
4512 9580
7504 7740
2110 5338
8500 3786
1987 7400
2076 5237
4817 1020
1512 977
1710 8862
9659 9781
2204 8407
3091 4281
336 9067
5368 9657
4895 6082
991 9054
3560 4140
8068 9097
9211 5114
4464 7883
2329 6807
2445 4445
2848 7091
6763 7654
1257 7612
9560 107
8410 460
9127 7058
8240 6874
8051 3602
498 4031
3974 6492
222 7115
9331 7462
5316 8517
56 1982
9361 9700
8658 3402
3508 9965
6148 737
9311 1920
3505 1640
8898 808
7950 1328
6083 9102
1389 5185
5559 4498
4880 7971
6495 8794
6131 1907
7569 2825
646 9945
1576 7791
341 5365
6290 7233
4855 137
8967 258
4038 2927
2949 9701
8901 1745
1042 746
1405 7902
6694 2617
73 1154
3566 5373
7061 9906
4705 1749
5705 5091
7676 1388
5990 4911
9090 9347
2868 6830
8470 9393
3462 8843
5480 4357
3901 7595
9185 4203
3016 4828
8614 1189
8565 1790
3282 9779
5409 3769
8105 2998
1860 1941
3901 5742
4298 3933
4271 9754
144 9477
2785 7532
5093 5859
9960 5142
7634 7019
8525 2657
9832 6338
5106 8916
6446 6278
5650 5511
5413 7786
677 6958
4177 4114
1791 9870
5575 2764
2128 5693
1269 1848
574 1916
4133 9403
4997 4008
7946 2334
6077 2852
3267 5204
8895 996
1142 6855
6329 5909
9084 7553
277 3683
8084 7167
2337 87
2210 8418
8321 2585
6588 9696
2691 9507
7979 4655
7155 2842
8173 4892
3432 3201
4856 4906
6849 8641
1175 7347
6530 7886
5645 2465
2092 3725
4668 1806
7629 3503
6434 8719
5969 9652
6505 4552
6303 9132
6339 7954
6808 5276
8625 996
9587 3210
7539 3993
6864 6634
8950 6487
1961 6631
5958 7998
3184 2168
1023 6013
5635 9925
6369 7273
4378 7442
855 2005
3564 2979
1956 9220
7337 2969
7694 9427
8026 8903
9756 7964
9490 7668
1748 9294
1835 4076
5949 9676
7164 2176
4015 7162
1974 1132
6633 7336
7131 9336
3081 5813
926 5318
7923 2131
3671 8420
9489 4790
946 8944
4002 5832
4321 7230
8318 5293
4439 9280
9335 6245
325 6541
5812 8646
6547 677
6075 650
7950 8959
4100 1147
6184 6891
5835 2624
1789 214
1656 6882
8100 3785
5864 8738
1765 8007
6799 6854
3824 3272
686 7880
9967 5739
3157 2174
5348 5606
2222 278
8047 348
3366 2993
8976 4040
9165 496
3826 8890
565 6252
4428 3427
77 1417
857 6997
6400 7983
2170 379
3552 1212
5121 6051
3929 6193
1359 442
3681 5465
5587 4573
2240 2032
5278 1153
2355 7963
1726 518
8888 6775
3258 5481
8180 736
6570 9899
6835 6496
2768 3739
7892 7383
2744 2689
7631 973
2095 4066
6638 7573
5493 7190
2700 7225
7093 3812
19 2366
3299 8300
6065 7441
4514 1760
8285 5768
5518 4090
4992 8404
5517 516
6143 2234
6791 1011
2743 3829
1261 7989
1350 9663
2802 3406
2486 1654
1070 5863
1271 2443
7537 6824
3492 5405
8448 4713
2681 1153
8237 134
9085 6904
5340 5687
4720 444
884 9629
7763 4283
443 4962
7592 2843
7471 6183
7409 293
5744 817
4820 2266
8786 6500
3060 9133
4870 9002
7925 217
2211 3145
1094 691
9040 300
5529 5037
124 5876
329 6363
1471 8015
4322 8717
7948 7897
1771 9155
7023 3575
5127 5793
3048 2920
952 7771
1239 1892
4986 6774
1267 5971
9751 5662
43 3348
6835 577
338 4052
2752 538
9883 456
6146 7243
4556 7206
866 849
8459 8957
8757 1438
6934 4491
1585 1961
2593 3735
3853 1927
8777 1146
8858 8629
3715 8802
1907 2287
2162 3490
8197 1698
7398 1603
5747 7296
2940 1034
7309 4494
6309 9435
5034 1062
6421 2478
9786 3459
8400 9491
2739 4783
6075 9024
9968 7043
1815 830
3229 5424
3339 1304
4526 6522
2809 3252
9 6754
1236 5104
9895 552
1679 5176
3465 3713
7261 7493
9518 7591
9048 837
2057 8813
4747 2872
3084 6039
4279 3810
3960 2015
2375 5884
9355 8121
6058 6710
7230 6962
5471 5379
4873 2868
1044 1690
8943 5612
1031 5465
6201 7426
503 4291
4571 3962
6283 5566
6320 2014
91 1437
3378 4288
3824 4076
9064 8706
3240 8798
5692 5334
4357 2071
9054 6359
5595 8356
8104 5648
3926 7800
5425 6328
6013 8364
2612 4082
9263 2368
4408 9153
4964 4129
5341 5569
8319 7765
6234 6867
325 3772
130 7094
8877 1306
8913 5824
6761 6086
5996 8352
1428 2979
4956 4284
1719 128
429 6442
9631 4367
9486 3993
2870 511
9505 1486
2041 2167
2410 7324
6928 6024
1558 4078
8497 8290
6732 4716
3937 3220
4336 436
7183 5570
3925 383
9250 8897
9280 6453
9758 996
2509 7866
8307 4747
7454 9283
488 95
977 5911
4757 7619
1738 9350
1683 6286
3845 5004
5681 7930
4212 1793
6803 468
347 9410
4146 4780
9581 4824
8604 165
889 1366
4583 1426
4045 5473
8510 4356
2826 233
771 5646
1979 4113
3552 899
2412 4117
6507 8969
9919 8059
8994 8142
697 7389
8417 2347
5467 6905
8737 413
6834 3879
4607 8278
8286 5734
9009 2653
3941 2867
9871 2188
7857 4891
8988 455
2136 973
1851 9978
9704 1255
7642 7764
6503 2803
5145 4675
1280 195
6443 7387
7609 782
3956 9226
808 9238
7184 7298
217 4169
7912 5909
7456 1241
6592 887
615 5757
191 1194
1281 9285
420 1160
6083 3935
589 7951
7272 5515
9648 7878
281 3001
5217 6133
7081 1862
301 8080
4526 5201
8344 9452
2715 4373
2347 4246
6936 9061
5279 5502
3648 6346
5347 7284
618 6694
6026 6315
2551 576
8748 7620
284 2253
9464 5043
743 8064
3955 4094
5904 4372
16 4748
6825 6039
8979 1114
2975 6390
3474 7714
1119 9658
239 4609
3828 3719
4292 7803
271 5612
3537 7793
432 8997
8450 4719
5523 5844
1825 3253
5675 3302
9923 8361
8606 9426
8910 2735
6103 7036
7925 3062
1577 2262
9535 6233
8042 9494
3108 1368
5913 2219
100 6455
9382 8956
9390 92
3178 2935
6012 3772
6282 4771
732 4420
9841 7358
2592 8447
4906 1711
1965 1462
9599 2430
9806 6510
3966 6879
2190 2966
6695 2304
9876 857
5222 4693
1553 8289
6267 7361
8134 3855
8912 1590
347 779
5206 13
6639 5021
7707 3743
1241 9691
6542 7253
2528 7732
9451 5514
9622 7624
6136 2032
4280 136
2025 9681
789 922
3413 1475
7326 4471
7855 517
6905 8895
6482 711
1500 9319
7287 9545
9376 8114
1294 7700
7199 6397
5669 3819
6278 4242
2452 2846
3790 8040
7970 7875
1013 5373
464 6476
8181 2950
6800 4638
8730 9660
8647 7312
3417 2417
8342 5656
4904 153
8188 3067
8086 4890
3450 8075
6598 9485
5870 3485
1332 6690
5436 9781
7347 7456
4224 219
4593 3510
9465 765
4226 1432
3418 2357
251 3231
5315 5685
4566 6601
5497 6850
6987 6089
8499 668
4778 7627
5791 5121
7103 6448
8578 9957
6980 8548
8074 4733
9345 2333
6424 8493
4494 6772
1586 3298
8397 4678
9521 8143
1308 2209
2601 90
8684 4195
3091 6675
4929 7547
6721 3395
9313 4453
3572 4716
6098 1924
3982 6417
6917 907
1828 7846
4100 8594
24 4917
1550 440
5265 8503
3020 8950
569 7763
7863 2355
1530 2087
5949 5544
8013 4715
913 3351
3130 6777
246 4869
1335 5816
6482 5883
8929 9625
6439 1259
5458 4868
2194 5295
1756 4304
3512 104
315 7537
4743 8609
350 6418
1177 4454
8811 4312
9759 9424
3919 1657
400 7794
2719 9418
2897 1254
5876 9720
4851 6685
9268 8083
5154 6096
1796 43
2666 4810
8091 7431
9886 8098
640 1901
6628 5225
8622 7870
749 7329
1039 5357
1200 1105
9865 135
3563 7061
7159 6296
9410 2184
379 437
7876 2356
8032 407
3922 1747
2773 2125
7327 3493
1383 7647
3352 6347
2377 4811
6909 6625
138 5754
473 8408
9556 9344
9718 6418
4039 3905
4887 570
6552 6303
4668 1181
2235 595
9588 7083
4737 8969
8251 8517
739 3128
7200 367
1809 9857
3255 9050
9704 9319
3817 3796
4774 9769
636 7841
6625 4050
4064 3852
9284 8452
2916 9087
7659 9031
8920 636
9088 8896
2159 6047
2885 6811
9397 9476
6411 5300
7589 1034
2611 7751
8075 8345
6003 4026
812 2531
6138 1033
443 2933
3966 5647
9374 6481
8335 7677
3459 6003
8295 7152
2709 1429
3328 3478
4530 4516
3704 7909
4500 1137
1601 1624
5415 3231
5531 6368
2999 9285
1966 1995
7321 5237
1692 2126
4801 8693
3637 9308
333 5704
9471 5267
1954 9649
2140 5244
3717 1714
6800 3295
179 1296
7827 9579
3412 1155
427 941
4164 2419
5756 1544
7136 802
5827 2861
2885 7349
4242 2583
1837 9318
9644 529
4063 4275
460 9619
9689 9811
7404 2615
8647 9092
9392 8465
6066 9886
3765 9590
7510 1509
3325 7087
7384 8348
8698 240
1093 9180
6526 3950
6615 9697
945 8100
3841 7192
4510 2138
2921 6469
6421 8628
1908 9295
6329 3906
8648 1870
8171 1325
7630 9268
6041 2089
5033 6337
3580 3762
7353 126
2765 3119
6985 4773
4178 8981
7911 9917
7057 4361
5548 6724
7657 2881
4859 9107
4985 9686
9797 3222
1632 6405
5232 5825
5975 3268
4256 6211
7384 4501
7030 2137
3970 97
3135 3324
770 5532
3582 5533
342 3133
4220 2498
7773 8520
987 6609
291 3783
1532 6413
5871 5269
8426 7330
1443 7811
4115 8254
133 8554
8475 7495
802 543
6957 44
7028 7918
6804 3473
6716 3253
7357 3863
9755 9602
9597 7543
1291 7462
4752 9594
2470 5629
615 7142
1223 8077
4176 3013
8984 7281
4624 4949
2236 4861
8665 8961
98 1978
7516 6314
6457 5722
2790 6320
9888 5704
625 1208
2370 3035
7365 4373
7190 976
9433 2202
9970 6650
8177 7261
2447 2522
9955 2318
3289 8709
7566 894
2267 3216
190 5867
9591 121
4226 8456
1216 7260
3877 7037
3560 158
8714 7662
2680 7795
5038 9897
6020 2614
6962 7401
8040 7424
1173 3479
9059 3484
1596 170
5016 7634
14 4469
237 1345
5252 3342
1479 2192
6205 7953
759 1051
8002 2510
7135 7890
8174 3370
3089 1819
9585 9953
4784 6358
3334 925
8401 8711
4532 4307
2788 8164
3881 1206
8594 7603
5304 9417
8688 1713
2821 4378
2635 61
2924 5446
2787 2749
53 3763
3528 2466
6259 4815
2081 2257
5491 279
1970 7071
5070 2434
9784 6083
8255 2129
7566 6064
5987 8267
542 588
2525 4540
8380 6946
5771 7557
4295 8093
8408 5366
8814 5702
1082 7821
7456 6187
8001 8769
1409 3910
2310 6874
9755 1387
6484 4185
480 2438
4807 3668
1112 7295
4123 9332
6285 4699
2065 8523
7796 6620
6156 5689
5197 532
7964 8360
9823 5314
1444 6787
361 1394
6520 7566
2931 5478
1599 4972
1423 4540
8237 268
4772 6592
7865 5310
7149 9877
5041 3672
1855 9942
8472 9293
7862 2724
9736 2341
6253 2978
7683 2453
6631 3847
573 6190
6667 986
6539 4007
92 6487
9521 8138
7213 9592
6869 3774
3878 8191
1416 4169
2401 1243
9173 82
3202 9767
6706 804
4786 1080
6878 8042
330 8740
6433 8983
4060 3519
519 8518
2915 1611
1687 9449
7817 1376
309 6073
4564 1249
8296 8557
1940 4180
3849 5222
3592 1673
6331 5816
96 8264
3865 2710
8979 1672
776 7568
4273 9687
2630 1108
8903 2439
6279 1974
5799 3199
1467 9742
9740 7695
7185 4382
1871 3495
3716 9321
8840 161
9774 6261
6810 3952
5349 4889
9246 4473
8462 3040
1521 8368
6738 9405
2690 8443
640 282
6882 4325
2408 7439
2860 9537
5613 9279
1067 1345
6953 7303
3532 2834
9296 9081
3276 4678
183 6820
8460 6188
1211 8874
9994 5891
9948 7839
1991 5085
6636 1237
6289 925
5497 6636
9062 5806
2113 7089
6394 3282
4244 1718
5313 8347
7327 3813
791 8419
9215 4872
9481 8152
5131 9376
4367 8781
1000 1867
2013 7253
6983 4981
8685 3465
7437 9089
774 7451
9834 1720
9912 6895
7642 3054
8219 902
9487 3633
7042 9532
6448 5466
7136 9607
8029 7423
4046 102
9221 2606
3287 2294
1155 8737
765 9157
5629 4763
5111 4737
6499 2790
6796 5367
4424 8913
1456 7105
9588 3223
4019 997
9186 658
4077 6584
7276 557
6649 8478
9236 5243
343 3049
2306 2787
1442 1070
2745 4412
7544 2673
5208 7209
5349 4150
2904 2445
8589 2892
1104 2266
6113 1516
3687 5960
2450 1666
5290 2552
5947 8441
8257 310
6584 491
6684 4781
4813 8037
6492 2929
2601 8798
7179 8825
6692 7335
4216 871
1930 7609
5573 2992
5783 9492
3178 1994
6222 1866
8856 1077
9117 4162
2538 8727
5440 4704
4166 8314
8320 3820
3037 3975
4549 169
4070 3158
8867 5574
5953 5830
8628 2648
3304 7548
8893 7696
6650 4942
8746 7918
5504 8358
6952 9689
4791 6357
3538 3398
873 2757
8003 4913
4218 5299
3736 2013
4728 8339
593 6233
2877 8472
7048 6243
8648 3981
4587 5663
4756 5017
4381 3433
9233 5059
968 5256
2673 7674
1256 6421
4298 4209
5965 2698
1949 2922
2527 4643
7850 2234
3218 2169
8111 6589
8161 4633
9752 3266
2374 4504
5033 7213
5659 1625
1723 4924
364 2192
2887 8883
196 4513
3386 2698
3568 3742
4553 7170
5272 270
3188 5314
5758 8583
7611 1755
9430 2777
8424 228
4506 3322
1342 459
1317 137
4661 1845
3416 7028
8672 9504
9437 9947
8965 601
8533 6250
6630 336
410 8127
7010 1463
2148 3713
7092 1410
74 8749
4595 9167
238 6606
5814 3229
6851 7109
222 6532
6839 7422
9845 1290
512 2362
7144 5644
6026 9413
6831 5472
6946 7690
8229 2000
2637 3170
7 4782
1001 447
1148 847
8695 3817
8713 9300
8473 1585
6087 6625
1871 622
1515 6420
9462 9292
7697 7568
9500 7182
8382 1739
7810 8649
850 9255
8833 8537
2498 3528
5670 7824
5022 7353
8912 35
7287 6644
3666 5801
1890 1538
4301 4517
6922 4664
5540 4852
6746 111
3705 7408
5411 8393
9887 6045
3587 9139
6576 3123
1347 4650
2189 6049
3107 84
2508 2350
5850 4269
9858 9543
1005 937
2775 2636
5025 8478
4357 6909
9343 6599
4915 7937
4444 2317
5186 5232
6236 8533
8426 4571
8406 7736
7202 9364
7716 149
7473 5367
5295 3943
6642 8436
4066 774
7302 4504
2921 7506
9445 9098
8720 5492
2556 6686
2582 2510
7148 9671
1109 9511
8579 6539
7582 5902
2192 7285
7611 7872
9212 3194
514 6485
6995 8310
3306 3303
4585 8312
281 4623
9725 1432
6903 1519
1167 4400
2274 5828
7425 42
8315 6519
2402 7763
7011 624
3366 7783
7502 9964
2273 8490
7158 3437
6993 5183
1741 7882
1016 9765
4203 7656
4845 5731
902 1975
2905 8086
5729 2561
9658 8876
4819 5415
3400 1016
7921 6148
2746 4749
8458 9721
8411 5080
7937 3520
537 2282
7017 3018
833 977
160 344
8769 323
2176 2228
4880 2848
5727 8649
8133 5551
3848 3091
7940 1962
7691 929
2718 7132
1553 5553
6943 8289
4332 9830
2932 6403
3376 459
9297 6807
4768 8079
7444 3218
8162 8317
7175 6660
8993 5226
1499 5871
7478 672
7215 5961
7965 6632
5118 3453
5077 3468
2127 8297
3990 1157
8122 8372
2872 715
1799 3421
2677 4938
8444 1985
5276 3780
4836 5876
4998 8073
8463 7969
7688 9149
4639 1506
7865 1766
3912 9848
2303 3495
5806 6719
896 401
2371 593
6782 7660
6399 2007
3667 6944
6591 8007
8596 3405
60 2216
4973 8858
3841 1505
9235 6301
5105 8072
9152 5811
9010 2672
4210 3476
6167 5261
7527 3076
8240 2379
4445 7137
839 7112
5302 1761
2500 647
4426 5597
1475 8959
8866 7096
9112 2751
2983 4730
3535 3820
7088 4892
8374 6582
2210 9716
8712 9875
2470 6228
4471 7363
7245 4960
7001 8194
4407 5770
6919 7547
1863 5810
6917 4137
5043 2421
9042 4849
6225 859
5434 469
3060 4969
8902 4194
3338 8252
9580 2874
721 4701
1665 8483
56 3337
2674 5817
994 1829
8763 580
196 9184
9213 9890
5912 7295
3327 8724
1349 7530
5868 3099
8584 6904
6415 7864
9821 1178
8455 2758
8026 9482
2308 6337
9214 4291
8155 9209
3937 2216
4702 2068
8322 4551
8937 605
5074 258
8847 1343
9659 5639
5725 1908
3436 1856
5686 1722
7829 3990
6915 2175
7065 989
6689 3957
15 8337
5555 6368
5589 8690
8114 1022
7852 1521
4287 6213
317 7941
6506 8053
3984 9381
5993 8999
1581 9312
5200 3961
2532 714
4475 2020
5170 9833
1557 6860
8899 5619
8889 8968
8032 1539
7191 2478
2292 5307
1889 1675
9023 7723
838 7324
5743 2416
2926 3589
3907 9604
4709 2917
1622 5797
1085 400
2272 1192
8939 8544
6674 3827
2120 6783
1171 9831
4085 7094
2309 5367
4511 6388
9826 6033
8207 9883
2754 6285
3122 7646
63 9237
1338 9616
4775 4064
2803 428
6550 5563
6050 3290
8511 9273
1721 811
1396 1087
26 6386
9013 7709
2663 5659
2742 7709
8829 8600
2041 6097
4363 9568
8362 2916
26 8677
594 7256
6602 8969
4620 266
9162 1428
8810 8985
6730 1549
3721 474
2678 2002
221 4657
3816 1485
7895 8676
5455 4290
3784 8422
8645 5623
1291 3757
2779 6431
4059 3521
6466 6750
915 2216
1897 4309
2048 433
7104 3542
4439 4441
6817 4048
957 8844
5172 3803
211 1322
1071 488
3415 7734
7332 305
4693 8332
1519 8734
9192 9363
7798 7996
8638 6972
2228 337
7967 2408
3379 9037
144 2732
2181 9973
2057 2680
3468 4562
6979 8652
8332 6312
7864 1123
799 6472
1158 1467
9966 5305
8872 3120
9040 1265
4087 2616
5705 1159
609 9505
2036 1750
7032 1802
3623 7335
2268 1324
9514 8556
8267 4058
1903 893
6586 6052
5501 9707
9061 716
3064 4741
2949 8241
6644 8291
274 818
5018 1826
9613 770
8462 4785
5212 4328
2880 520
80 5290
8469 4684
7863 8131
1444 3413
3281 2654
3543 1808
526 9490
2857 6930
9522 9077
6815 9032
8975 33
5094 435
4190 9949
1031 1054
6128 659
9570 8231
9434 1981
1145 3496
9860 4204
8865 2243
4594 1681
2698 5461
6170 2516
1807 9501
9943 5241
6831 9060
1411 5251
8211 1784
5291 6616
912 6121
6674 7557
3738 7656
1285 3681
806 2405
6080 1523
8482 34
9789 8054
6484 610
3768 1451
9365 7299
3035 5952
2293 8900
2987 9794
112 5477
3370 5652
1395 2024
9002 9209
9916 1194
1189 6483
7638 6408
3584 2
6352 6288
2717 660
5707 8484
6823 835
6857 8511
1989 6862
8389 4564
7127 6870
216 2578
4360 8121
1986 4631
6089 6097
7682 920
6968 463
4353 7340
5151 1492
8258 950
5477 9250
1959 7061
8168 8222
3257 9096
529 5059
4383 3978
4061 6903
5089 9958
4237 7813
4099 7090
9094 6432
9644 7379
1303 5759
3501 5263
9017 2142
7908 386
1569 9898
8324 81
127 7188
6435 1928
1072 6904
6365 4092
1797 1004
7020 1107
7546 6707
65 1244
3917 1510
1192 9476
7036 7391
8718 985
9149 8782
978 2954
4779 5588
1640 141
7588 1454
4498 1230
95 2300
1910 8836
9520 9934
6136 9819
5977 3989
1338 8305
500 5419
1768 8969
4383 5976
6783 2450
7577 1861
5918 6037
8678 9894
4911 5498
4929 2597
1925 1350
2954 2457
1076 4049
6858 1868
9437 5240
4950 2526
3411 6711
5249 5548
8877 7418
8901 4628
2761 3649
4714 2775
5880 562
2681 3113
6350 1957
2736 8236
1228 3722
1312 7687
5306 599
1113 3492
6230 7050
818 4999
3100 9403
7126 5486
2126 5120
6608 4970
9688 9430
2001 3028
223 8145
7072 7214
4948 8549
2275 3797
6080 4132
9713 717
2768 1338
3053 376
5269 2098
4759 5525
2813 4818
6479 2646
4536 118
75 5924
230 5657
6515 1244
5280 6884
5248 9666
2492 7608
8268 3861
3975 4200
1045 5288
425 8410
9323 4872
8146 4721
9488 773
9738 7346
8055 2009
3710 5723
9278 2926
7543 6047
3938 5539
2009 5470
1647 2265
8170 9797
162 9045
6144 1057
3071 5063
3987 6419
1788 7371
1122 2174
5382 4904
4308 3172
4562 7444
9131 994
7507 1315
8581 7937
6018 1946
5812 7688
2756 1081
1279 6966
5024 6772
6774 7973
9803 8858
3166 4685
7966 3322
9069 1130
5512 5750
4500 2482
6802 5660
4728 5825
5046 7272
765 5337
7947 4600
9491 2960
2277 5401
6390 3838
9496 1775
5772 2147
2963 3773
5625 7258
4496 7185
1677 4059
6945 5749
762 7479
8591 9243
2419 1724
8626 2981
4684 8515
4622 4615
4858 7364
6644 171
6675 8900
3281 5066
1379 3688
148 8685
5330 5005
9929 9534
2757 2181
7263 5144
9975 2625
3615 450
7064 1950
1239 4761
6390 7643
1469 8859
2058 3720
6142 88
4812 2739
2215 8080
4817 6691
8021 8991
3379 1482
2458 1533
543 4788
3280 4471
7393 453
8585 3157
6584 9194
5964 1806
4052 957
6419 1580
9122 4020
9685 6562
7928 3673
3246 8949
7259 2446
7051 7728
849 9412
3029 7643
6106 4093
6699 9166
3930 1458
2626 2812
4424 8349
5112 9122
8639 334
1459 2104
65 4725
9890 3364
8863 1218
6413 7868
5010 8113
5397 5615
689 4714
8311 2995
7686 1099
9575 9801
7843 1322
6802 9786
5463 5953
6835 8008
3310 5942
427 2297
4665 7729
2543 7395
3477 7537
1421 8476
7224 4451
4149 3064
9204 3136
6935 5657
9502 5542
6583 3124
4231 5886
3423 5204
8744 3146
1123 1534
7193 7805
9989 3111
1192 754
959 6442
8429 2544
1632 3523
3762 9025
1631 8842
2241 2297
9813 1199
9212 656
2761 2306
8736 6904
9320 6825
6093 8405
9284 4255
1696 4704
9652 3894
540 2741
6129 3731
365 4634
1976 6051
3599 739
634 6353
8862 9260
2359 7752
9409 7569
9345 8861
3179 273
7003 414
3728 7180
4174 6610
2543 1251
3241 7475
1263 281
9308 8436
1729 8867
885 7805
854 5837
6114 644
4693 9317
6074 6376
2338 2914
4449 3074
234 8346
8034 853
4149 4661
6428 9372
5976 398
3338 6201
5470 787
5161 6126
1639 4676
6892 717
6106 1810
1159 603
7335 2201
6341 9642
5178 4782
8608 4572
6118 5402
5134 9927
5974 8980
4879 6810
608 7094
3485 1474
1194 246
3726 8047
1475 6484
4530 8338
6144 7748
5676 9399
8982 6356
1778 4314
4826 7241
3397 5901
6680 7429
3831 5196
1311 9099
2976 7772
9938 829
4379 7747
5536 5205
7173 1600
476 228
837 9618
3559 9119
3481 4970
3200 5552
5896 8763
1573 2909
4967 5802
5555 7021
6722 8696
8545 2545
5049 59
9262 1516
4913 1212
39 5752
1663 3119
2124 8935
9968 3612
1367 5987
4239 7581
3549 1044
2096 3987
5053 7644
6153 677
8432 6073
5289 962
6931 7754
9551 1007
719 5214
3461 6452
9311 6122
6207 7641
9503 4700
1936 5441
9458 7221
2813 7371
796 1121
8069 9290
2790 1174
9342 7986
7668 6645
2898 1102
1395 9204
8020 1969
6960 3453
3753 3559
8554 7499
8563 6029
9484 6716
7462 49
2187 3053
4794 7080
4320 4984
9824 1514
9057 5729
8277 2003
7989 8423
1409 6397
4394 8520
4204 1272
9922 9170
5626 9199
7791 2639
2788 5304
3545 5960
2507 9539
4868 1619
129 5274
9121 9118
8754 5693
5394 5248
3853 4666
1179 3499
1598 8268
9597 5470
8932 7789
9962 1418
862 9301
6607 4910
3410 235
3958 9422
3106 3985
3406 7686
5110 2725
1564 9036
9981 1031
2145 231
5292 5867
2986 7727
1242 73
2364 4111
1270 219
4681 1676
696 7724
363 2977
4515 37
6301 3940
9515 8128
437 6153
2596 9774
1765 1044
6139 8416
4102 6847
3159 8930
1209 6818
1312 1690
2784 3504
7318 7098
5914 4029
4293 949
4301 218
9664 7268
3773 7009
8688 3871
2800 9009
5510 3527
4231 9842
7881 297
9234 8179
8788 1437
1153 3428
7827 5956
9784 7388
8857 3652
3890 6751
8485 492
7087 3162
1199 5435
97 9210
8200 3114
8728 8288
4676 399
4186 1696
789 1306
4309 1480
8729 7180
6262 9991
3491 3887
8654 2360
6406 9598
8231 2766
8293 4106
5158 3436
951 1570
3815 4042
8716 5417
1006 202
5167 5075
3616 2485
3709 7331
3670 8056
95 3755
9377 7086
2394 6434
9450 6483
5361 7614
3229 5802
1152 9450
720 4440
1622 8960
537 4954
5013 9299
8330 9179
8579 5536
3867 5412
2475 4312
966 9968
6929 8829
4987 6689
2816 7438
2118 4991
4118 1050
8687 2863
1983 9562
6420 5535
4975 7869
4334 9547
5880 75
4365 1363
7268 9870
8123 4572
8470 134
9052 4921
5106 5901
5981 5494
7654 4252
599 3746
4836 3781
4168 1708
3479 9447
6600 6156
9200 8383
4494 961
3224 5001
1664 9373
1717 5874
3998 5998
641 2100
7969 8770
8189 9474
7098 1030
7015 3198
3440 9229
5320 8127
1538 6157
4247 1092
5521 7730
9043 7986
4651 86
4219 9703
5070 9610
7656 6567
1774 6982
6345 7322
2563 186
7648 449
5175 7432
2316 6374
1598 2006
960 685
8024 9527
8045 5821
4621 4845
2305 6381
3946 9203
3813 2696
2311 595
8835 6264
7591 1885
9429 9652
400 1498
9859 6910
2587 3903
9798 223
8875 7108
1379 8151
8274 5845
3670 6254
2185 1054
8341 6668
7866 3335
2194 5832
9231 5925
9694 4129
7926 2109
6705 6623
6316 6506
4620 6984
407 2805
4874 8455
4218 9217
9698 1800
3420 8999
683 8511
6117 6037
3869 2492
8170 8568
222 5828
6256 1207
142 8579
5122 9288
4412 7235
8984 975
4359 972
4140 6739
242 3830
3945 9538
6199 5005
3744 2941
9919 3529
5879 2042
3841 8667
228 5401
8527 722
2462 262
4227 6155
8726 4913
5362 1886
4065 8286
1352 6016
5315 6214
5136 5189
6546 6751
2811 8242
4909 6706
9127 1455
7134 8523
1252 9751
8919 592
5822 6319
3986 4448
8678 2858
8062 2831
9441 9436
8302 9623
7935 7961
2886 85
9521 102
7995 9681
4470 424
4685 5418
5328 2506
228 1616
3703 9388
3054 5688
8917 8264
7251 6395
1384 382
1079 8298
2323 9323
7047 2433
182 8228
784 4121
3428 6896
1856 3455
9310 1770
4957 6201
7194 1702
5860 9642
7819 3708
5617 2183
5852 5413
5062 9752
1465 6087
7295 7419
8822 6893
4167 987
6018 9259
6582 5078
5765 7071
234 5928
7261 6622
5849 8854
7972 6261
1759 9046
2357 702
9099 6011
12 3187
3497 1968
4882 3612
3752 2824
6492 6641
1531 9657
7068 7410
6498 1086
7119 9547
5214 4470
143 3126
2820 2939
8978 1625
7169 9470
6687 1841
3360 8005
351 7318
1327 1184
6058 1049
9560 4156
584 6172
2360 5136
8573 7205
4119 5820
3143 3544
2477 9525
32 74
6138 2919
8396 3533
5119 2811
5978 7699
8850 6980
5496 1654
2194 2067
3815 6409
6519 2149
7659 3689
5272 6434
7105 2477
9279 7092
7067 1385
2996 999
5851 2455
5512 2562
8163 9308
8530 4113
875 9140
3363 8568
3602 881
6982 5735
4961 1607
7482 1976
8057 144
4793 5565
4067 7941
7756 8405
7585 8164
314 6983
6631 9104
7034 251
1922 5007
2460 5547
6221 1481
6057 3161
3629 984
2560 8107
1495 7781
8504 1899
6258 2173
845 9738
1701 6955
4543 7620
7765 4671
559 2991
5958 6866
8166 9799
7400 2647
9662 2496
4084 5856
5788 4488
5256 679
8684 2808
255 2869
1093 1722
4613 3003
581 5561
7930 7281
4411 9683
2046 7576
7363 5992
3380 7081
7245 8208
3674 1857
7806 4114
6197 6006
4373 4919
4205 6621
4666 1708
3012 4198
7163 2444
4576 4363
1495 9866
5799 3335
6309 8506
2722 1173
8231 1180
4298 7759
7 7907
5777 8894
6166 7060
4596 4517
1999 9965
1248 813
4652 2896
6586 8546
7072 9182
5141 2831
9517 9126
7104 6064
8958 2420
9139 3696
6939 4339
8204 4792
9423 5513
7691 3037
6574 9132
5783 2938
6867 3178
2810 6128
5029 6999
7432 2635
206 7916
1253 4735
1510 8172
104 3380
7621 9924
3832 1592
4341 8639
9801 6241
7987 666
3550 2420
9968 8088
9651 5184
1939 1326
7101 105
3025 6965
515 356
4192 346
8179 713
5407 7948
1356 7806
1696 1615
7035 2612
2493 9581
6926 2223
5398 6560
6204 1790
9680 1348
6203 4354
6610 2770
3500 798
9033 744
8574 224
2276 2822
9240 6826
2289 8955
9814 4030
8641 6058
2078 3794
1528 4721
8900 1093
5345 8218
8254 7604
3437 101
9944 1135
6231 8600
3682 3951
1517 851
9238 3701
8424 1134
7171 3740
2081 2350
3512 5908
9426 8615
6635 9693
3790 1827
5834 8247
8737 1680
4112 4927
7220 919
4182 8369
7917 5383
4197 3841
6276 9623
6868 5088
5380 5227
9924 7805
3610 592
2548 9459
572 7207
3550 3883
5334 5550
5197 6202
1067 6384
990 6398
2501 4605
9288 2449
6545 2277
2525 1839
9646 5331
4650 3554
8183 4499
5063 2264
9231 9938
8832 8124
9453 6501
2629 8887
590 540
3693 3344
9326 9582
1214 3822
6458 7811
3326 886
48 1380
6770 2625
8135 5717
8691 3125
2849 1752
4415 3571
3516 5656
6908 5118
1023 9251
7523 8734
5951 7669
5917 6327
4000 1255
8425 865
8178 3677
9637 5309
9497 6030
8841 4528
1598 9658
504 3037
1172 3104
715 2057
9571 5347
1832 6530
5562 9996
9309 9552
9454 8013
8344 3953
8579 7668
9658 4371
4436 4966
177 3205
172 5135
8851 3260
4822 6687
7614 7026
2131 5884
4393 3072
3684 5962
7200 2172
9165 2990
7550 431
8079 4130
5254 6568
2200 6674
3435 7298
210 4122
8266 52
6616 6318
1526 5696
6803 5621
981 2000
3071 8523
803 8868
797 7624
4261 7443
6815 4625
4608 8185
9251 1904
4975 224
5323 2922
1666 8195
4460 513
665 3576
8168 5950
2304 6280
816 5674
5915 3693
823 5616
8397 1874
4713 2339
9870 3446
4145 8153
4754 634
3806 761
7505 6072
6330 4215
6134 2667
451 3958
9474 9437
4933 1734
4802 2734
198 5295
5732 9526
4029 931
661 1021
2080 9766
8034 4898
9961 8794
9544 9463
6521 1360
9316 9840
1115 3615
6315 3489
9747 3332
2156 2284
8582 9761
633 1100
9088 2323
6889 7214
1713 5083
5926 8593
4759 2955
9706 2290
7673 129
5799 2553
3210 8250
4379 4955
7238 5312
8575 4710
4800 432
7163 8459
7117 3707
2177 8665
8851 4950
4099 8679
7298 7046
5676 8124
6840 5202
9144 3377
2324 3942
9825 569
6213 2854
6570 5096
1407 3374
5061 792
3354 9853
3457 7095
2212 4244
4390 280
7575 4587
3897 7235
1126 5616
9415 6842
4659 7618
3656 2860
6019 3509
6542 813
14 6238
9370 6417
4354 4804
1515 7867
36 4651
6476 434
4128 9169
3021 8460
2204 4132
877 2001
8495 1797
4776 7253
262 4357
4967 4940
3218 6179
3662 4204
6404 5133
3403 6437
5774 1435
708 6061
3038 9609
706 3019
4444 2513
1952 7551
1719 9322
867 3024
9908 5959
7894 2585
6627 8129
1565 4132
208 7815
767 1893
2102 1405
9519 3029
6521 9113
743 6730
2445 1146
1763 7776
4545 8010
9290 5921
5101 3580
9733 5044
7830 1297
9360 4273
5452 9232
4885 1672
6108 1593
890 1282
7463 6237
1125 9377
7016 4919
4403 6061
9374 9596
4175 394
8192 9242
3685 8366
954 429
5758 458
903 7844
8479 6221
5540 4435
8489 1456
7284 5313
4642 2881
6802 4408
5210 3916
8599 3226
4241 4308
4556 660
5443 7306
8264 8669
8606 2160
3856 2646
4141 8566
2895 4010
6253 295
9657 6801
14 4344
3245 5372
1303 6062
3554 7785
6401 40
1261 5584
5755 4671
2344 1165
1959 7990
5038 3307
4212 7508
2811 191
1423 1559
7965 6976
6900 9780
9013 7807
1454 976
1338 1963
9766 6799
60 6317
938 7524
8655 1965
1101 8355
4692 5636
596 7025
8217 6345
1380 7062
7701 1909
7818 9003
46 8580
6950 107
140 5903
3234 1352
8474 4958
3966 2376
8440 3951
7939 8555
1662 6496
156 7206
3088 3816
2766 7446
7434 6091
5448 507
6319 6522
3717 70
9554 2518
9076 6027
6748 155
4309 7549
9892 1385
1621 758
3803 5871
2082 7463
9949 9121
9954 5966
6460 376
3361 7338
2101 3631
4494 8394
3519 7618
2112 4483
5657 1496
1170 3315
1945 5381
2841 6634
6646 8095
1744 8015
8061 8106
5945 4376
5973 1911
7846 4831
9249 1357
3321 3494
3 4144
4020 9333
4951 8526
8762 4353
498 4773
2769 3874
9244 3338
1945 5926
9110 5412
2072 8845
2574 1943
904 6771
4985 7257
4848 5155
5687 7931
857 8992
8332 726
4802 4069
8746 1847
9480 5158
6109 990
1827 8268
6476 2619
3517 7789
5619 6749
132 2934
1280 9939
4935 8452
6293 697
5329 8432
4023 901
4316 368
7162 5779
1822 8691
8052 4098
8097 5071
3502 2675
4511 5744
5843 6290
8871 6233
9389 7755
9162 4771
4393 7972
5576 1614
5788 7599
400 9654
9269 4642
6666 7763
1887 6513
3369 2058
993 4227
3855 2529
8024 3507
6798 8255
3354 3164
380 4381
76 9367
8 3109
970 2273
6149 2598
3009 5993
4489 3574
5953 3144
3592 9668
1374 1028
4029 11
6341 7358
4472 7929
4230 9645
5795 1217
8386 6174
7733 1885
7920 6708
2935 8794
7748 8576
2159 4043
3681 5775
2598 9465
509 3596
4566 6563
6875 4664
7197 1749
1130 6249
1811 823
5003 5444
5774 3570
8293 9369
7431 1898
5910 7973
774 9892
397 1084
9654 7731
3157 8150
1604 8048
455 6622
2602 431
3809 3473
5678 4915
6185 2342
2330 9914
8449 1646
9483 807
9035 6360
1910 944
3443 6069
9752 9717
4422 7531
3657 5030
5586 7816
8213 5849
4833 1298
1902 911
9634 4665
9082 2642
9916 2973
4390 5885
4343 9621
1860 1236
48 4795
461 7662
9846 4717
5677 669
3204 1187
2583 3740
8630 1891
856 7013
3334 4582
6704 7107
9079 3518
9559 7345
6797 3009
531 2165
5111 7219
8684 3628
8571 8073
5813 5190
4066 9032
5302 7325
9394 1562
6235 6253
3722 2887
9341 1806
1129 5434
9890 6795
556 5754
5615 9221
2336 1540
5534 5911
5025 4696
688 3666
7210 9139
9048 6549
7168 3773
5239 1671
3787 402
2335 4303
634 3559
2392 530
6953 1309
7356 7468
3084 1659
5532 1847
6 4417
3911 8543
6785 2865
6422 8340
4112 1789
1413 7606
16 8945
7027 199
3271 4184
2180 3278
5435 5862
8972 4622
4667 1152
3441 1487
2885 2941
1574 5009
9127 8551
5702 1404
8586 4281
9531 2790
1997 3767
2984 841
3163 9691
4018 2381
8996 7913
7210 9852
1873 2309
5129 6843
8431 6950
6003 2749
6046 1142
9191 3331
2818 2248
990 2136
1143 1569
4751 9602
6791 3070
1800 8200
7632 138
910 19
1091 9239
522 7904
1446 5206
4685 3621
4877 8357
4612 5483
7943 1843
7606 8760
2923 3745
2414 4583
8626 901
1515 5748
1913 129
8818 1446
613 3154
7768 9408
6046 1435
1221 6758
3429 8038
324 4911
6992 6164
3578 6972
7584 6486
9601 4380
4982 3180
6629 5548
5718 6438
1536 9097
7386 4864
9222 6320
114 2204
2422 5583
4389 6077
1937 4604
8811 6449
6008 8855
5651 9021
8799 6577
1355 7297
4318 530
3204 8114
7205 1254
7861 6521
7334 9745
768 8872
2656 1540
6020 7150
6048 2230
5756 7651
3003 9901
5414 3646
1886 4618
3373 9399
1187 3430
5107 698
8528 7936
1091 3390
5634 8303
2034 3221
4629 7156
1682 4820
2412 3675
7173 529
1399 8786
2936 1404
9990 9463
5698 5038
6332 7036
1518 4397
3513 2569
6281 9303
2798 2171
3631 9375
8366 8613
3631 3514
5859 7605
2230 7871
8989 1232
2848 638
4424 5546
5008 782
1079 6276
5960 3665
7485 1225
8831 3766
8617 3185
4857 4716
9281 8026
745 7996
332 4374
4588 9024
6014 4903
1686 1731
7633 2363
9007 6598
509 3291
2069 3924
7640 535
5178 2186
2061 9925
1416 8017
4894 6886
5893 3567
9104 9524
3182 6313
2441 4933
9934 9116
122 918
9214 8521
71 4982
5682 8531
1501 8766
6976 103
8240 6287
2515 7661
315 2085
9298 4731
401 5516
6918 2914
6050 2307
1566 4647
3973 3857
4750 540
292 9626
3079 6428
7864 6219
4396 4446
298 454
2927 7840
9306 4104
4104 4539
697 2179
1501 6893
9357 1819
175 2960
791 3791
277 2283
8027 968
4196 5520
1139 8692
8458 3329
7867 8585
1170 5094
8378 2933
2498 8553
3616 5156
1450 6729
2105 441
418 3404
1426 6108
6276 9877
9975 7698
2382 1782
6406 8512
9432 813
9911 5932
1798 4046
2588 3232
9506 4192
2135 7096
2389 7673
3859 5433
9811 1705
7908 5595
1205 1486
6842 6042
9533 447
3622 4151
3752 3139
1036 8747
2250 3686
8909 8088
5604 8913
6655 8090
145 6514
7782 865
6584 5352
7426 6561
2447 4032
6115 6436
8283 9771
5117 161
8544 4115
238 1865
6148 4194
1881 6579
4543 169
5394 7234
3940 8948
9979 9922
2550 6580
8416 4406
1215 3652
6874 1310
5286 3613
2605 5560
6286 4548
7958 6107
1974 302
3716 4542
6657 8619
5103 6357
5853 9790
5284 908
4285 5657
3678 9154
8297 4474
1032 4123
2963 8041
9207 8005
5811 167
1784 8828
635 626
4797 5994
9328 1183
3107 9801
2273 4050
5397 28
9083 103
9382 8115
6739 9918
5321 6090
5910 236
3625 928
835 376
2897 9669
9371 9444
1109 4243
3525 6671
367 1365
9302 1077
8755 6266
786 3273
374 8086
6135 5009
3495 8801
6297 2630
6452 7616
2030 6528
4207 7339
2797 6654
6099 8772
8797 8293
3263 7704
6324 3427
2327 2071
7180 4164
3314 5323
4421 1542
9513 5699
3349 4843
6569 7881
1804 3891
6306 8375
2861 7376
6461 6175
1490 4418
6131 9069
6879 5755
3597 5772
1926 2501
4121 3046
7957 2451
5330 3642
7548 6634
4760 480
6198 7983
4259 6321
1025 6217
8391 2385
3729 2859
648 3043
395 4063
7 3631
1850 7453
9676 2659
678 8801
3362 1942
9072 7271
3122 9400
8232 6220
2828 3531
9612 9785
4161 7799
5353 2132
9842 245
2361 8679
8302 477
6242 1934
3703 8498
7849 3373
1645 5003
4593 4081
5041 8512
4874 782
8402 9853
1501 4730
2139 4312
9641 8486
6626 8114
6546 4729
7910 2430
6965 2490
2863 8308
7144 6120
5004 9666
9390 6417
5364 5352
3819 4640
2669 2590
3495 1510
3837 230
1460 9661
8059 108
8483 4738
5427 7093
3377 1852
1494 9897
3000 6703
7847 5628
28 4120
6979 2286
5801 3313
2793 8118
8901 8427
6524 7245
7304 6248
3947 3858
6057 6684
8224 6549
5917 1019
4577 4490
9715 2074
4759 1585
7201 7743
4150 5254
1418 7449
2998 3909
264 1628
2677 8818
143 9861
6287 5751
9272 4358
4497 8332
7216 6147
3527 6703
9912 8184
7445 4239
1702 8072
8 5872
9685 277
5003 6256
78 6786
5470 8976
8860 1216
9851 8539
2106 3896
349 5302
7536 1354
1997 9344
4900 7163
5119 4022
9324 6464
2010 2679
9093 40
9303 4503
2903 8029
1378 494
1610 1560
2641 6946
4814 982
4840 9237
3859 629
8611 378
2686 5450
6656 2416
6907 7769
6116 8363
1185 5015
5645 8949
4604 7974
794 9433
5360 9858
6015 705
5613 4148
2336 8247
7738 6360
2322 7565
2053 4594
7474 4735
8432 2262
8919 8019
9477 7267
2626 8572
6931 4718
8501 5398
5516 7934
3251 6811
7042 2658
3912 4872
9184 3879
9001 6615
3 6303
7969 5475
5769 5658
5647 1429
6215 6801
2221 8583
5410 9201
5955 9005
1043 6781
305 7204
6356 2537
2248 2630
9049 6302
1824 264
2741 337
9278 5272
9078 2794
6412 1267
1601 6019
7728 7344
2701 2892
1258 8713
7764 3729
9140 7222
6722 4407
2437 6673
5778 1738
8092 7312
4506 5006
6168 7121
3355 1594
853 3426
6289 1895
908 563
3002 2
6316 9389
4433 5466
467 3832
8996 8882
7319 2285
5847 9240
9448 7478
6462 8438
8507 8728
7113 8976
2208 1025
2457 8054
6356 3348
7477 2554
6555 2149
5169 6817
4815 4719
4852 2843
1737 3191
9986 945
4234 6951
1548 6888
6805 8029
3138 64
3759 6793
8261 9603
5387 4801
4997 1666
8646 7799
2911 7075
3027 9747
7646 8076
4432 509
6932 2147
9986 1771
3785 2325
5934 3257
7187 7310
8697 7916
1215 875
4947 5451
7463 8167
925 2705
7341 8490
1444 6201
9653 5551
4649 1003
4961 8101
5351 1120
4905 5178
8594 4600
6998 6727
5325 7243
9496 6897
7942 4326
1915 1517
7443 4095
864 3810
4188 1065
5116 1889
7713 9225
5473 2291
4956 9163
1745 76
880 3479
5031 9743
1977 731
5048 4848
9097 3831
9959 2794
8534 876
8221 9276
9390 9969
1193 1196
1959 878
26 4041
8607 7149
2259 5391
8344 7250
5836 5238
265 8330
274 2781
7181 4860
3548 2161
680 5221
7055 6057
2731 8610
2786 4701
598 9396
9486 5001
946 5767
6911 8699
2510 8938
5566 15
3641 2107
1687 8392
5839 6685
3150 2738
2302 1243
2863 5538
8162 1160
2382 3787
5569 1699
8350 4698
7703 7887
2323 6718
812 8225
538 7822
7377 6644
4094 4191
5666 6895
5819 495
615 2695
3156 4861
3774 5927
1313 7987
7405 5920
9277 9839
1523 1542
8929 2114
540 6860
9135 1644
739 2378
9179 4550
4163 6333
389 815
3352 2390
1817 1595
2407 4919
713 7977
8826 4507
999 8753
5661 3782
3389 9963
3843 4073
995 1679
9617 5752
1832 329
9025 5051
7753 7220
1826 3230
2517 4785
4832 5291
2868 9901
2570 3384
4157 9082
5955 6289
8637 7533
2257 4870
1183 6693
5789 821
6394 3614
6216 3367
3807 7184
4664 5114
935 1660
3354 60
1449 6637
7505 7896
1015 7838
7545 3478
6711 7948
6139 1000
3167 2914
4644 2120
986 5663
5861 3063
568 4792
4143 8480
4796 9334
14 7351
1697 6208
5911 9232
7649 8873
2014 701
2147 260
4278 1169
5811 1083
9672 2849
4392 5838
1970 3893
5933 4128
8422 4644
3475 74
7228 8220
4941 8853
5257 9012
3277 4992
6848 4922
8913 5541
2878 4579
1679 5576
2044 3113
6878 9196
5065 5379
4413 2657
5449 2119
7737 4338
6371 8697
932 5105
5959 3121
8833 2603
1884 3530
5241 2811
8999 709
9673 5696
9423 985
4289 3246
7722 8089
7140 7643
1737 3214
2659 3842
6375 7059
897 4329
2501 3771
7842 3591
189 7907
6434 94
5988 2063
322 4200
5165 8165
5 638
1991 3030
760 8987
6891 5008
2792 5317
7264 1037
9272 5691
1370 1535
6719 2087
7928 9060
8535 8446
372 8445
7068 7139
9554 1382
3017 698
2801 612
9882 139
9337 6700
6219 951
159 8928
4124 9180
8522 7461
8350 9179
1305 4913
9997 5204
6102 1613
1838 3042
135 2600
1778 6938
6776 229
3530 756
5919 117
1447 5543
1089 8595
5974 9024
7613 9807
6178 1545
4382 6996
4353 3507
7984 5084
9244 1602
4480 0
9114 8074
780 5191
6771 8090
5138 6595
7710 4152
630 9485
539 1822
79 5550
5249 4361
5967 3752
6952 2521
9217 1850
3115 1480
4935 2206
535 2500
2023 5885
5165 1260
9120 5590
1790 1503
8592 5538
6925 1459
2174 9788
1230 7634
6104 2929
7059 4697
3984 8750
5273 1359
9757 4868
1300 448
3188 2822
9611 9729
3400 9104
9398 7011
4083 5409
9808 6837
9926 5090
9217 7107
9932 5530
9029 2398
3699 8628
6258 4858
9943 5049
274 1320
4572 2391
8966 2050
9987 6830
7675 5865
6954 6760
9047 3149
2924 6516
3874 768
4411 457
7326 5212
3689 7439
9346 1952
6180 6813
3405 8089
8282 2675
6453 4596
8922 7078
4535 5547
6127 2539
7219 2295
7140 5989
4182 3618
3808 6431
4389 303
7612 4870
6734 4677
9723 4533
806 7362
9357 3701
5402 5255
983 4792
5443 3561
5988 9211
2070 3307
2823 2265
1424 6949
3498 1252
9419 9703
2542 9336
3911 2169
3379 4567
6526 115
9728 1829
3324 6806
4730 9806
6652 9709
7761 2469
6010 553
9748 3238
349 7672
6340 3264
114 8700
9446 608
9263 3408
4756 6856
8347 3778
6811 7310
9210 9719
3731 1753
9402 6439
7578 3154
5527 748
2345 2715
56 4476
2984 4844
4923 7304
3812 7843
7437 4920
55 3737
1192 8906
6585 1446
5462 7276
1030 5734
8253 6430
110 7335
7816 5348
8633 1053
2541 5761
1816 5178
3285 1289
4627 8493
7365 6000
7561 62
6816 9770
3173 9650
1155 4531
1243 4215
7517 8046
9382 4288
309 9292
2577 2594
3531 7439
5857 9667
8317 9977
8689 3629
2902 3008
3275 2831
4599 6040
7652 4181
3986 4575
2771 832
7217 655
9132 7283
130 2195
8661 4773
7436 5601
8986 7136
7790 8316
497 2469
8574 3601
2836 1999
7174 8282
3392 3845
4538 4863
6059 331
5019 1868
6702 7916
2430 8769
3711 9759
7340 3903
928 226
9311 5862
4940 5794
9538 4165
4523 9380
4362 3156
8396 3762
5640 3003
1545 7546
6244 9816
3187 8993
3543 2286
7126 8218
8156 2406
4851 3287
7277 4705
5369 821
9273 9457
9982 1148
9937 8758
2610 221
3000 2109
1753 8403
3659 8428
7030 7717
455 3341
3782 1472
6788 360
781 5276
8640 6390
2594 1851
3507 8035
7088 953
5684 7779
8563 1270
8379 8690
7903 1172
4014 6092
2154 1368
7817 3524
9934 4036
6661 4
5152 656
591 9923
9193 5687
3356 185
7694 8773
6423 8014
7089 8201
4895 7066
811 8495
2922 4558
6265 2601
9212 6002
9709 4645
3952 1743
8764 7875
685 222
8394 4635
4375 550
4535 8112
5276 8539
6397 1777
9028 3972
6637 1580
1676 8293
6653 9332
6520 1077
1184 6399
2889 9454
1627 8501
554 1150
396 482
66 2792
9212 5927
5386 1408
3526 3756
4840 8551
9648 9253
6165 6549
7392 2836
5855 5774
37 5148
9584 2410
4203 1609
8279 369
8020 8432
567 7563
2226 8639
7281 9431
9938 4184
9370 6076
8084 5612
9608 5487
1539 2986
6093 1023
1705 4103
2805 4300
6383 6032
475 358
8286 8340
1097 8369
33 9704
4447 3569
2400 4540
3770 9967
5270 4550
8270 8265
4367 5505
4724 783
2430 2968
2260 3348
1568 308
8987 8819
3877 2624
6173 7483
4981 6053
2495 1934
8887 7784
7223 5301
5438 3258
5167 5558
7304 7342
9118 4708
2964 1977
5485 4058
8109 7665
2808 5311
5011 1704
8568 7472
7253 1988
6912 69
7114 7130
650 6460
2441 9208
8061 6128
345 3010
855 7148
1657 1029
2613 1175
8873 1923
2377 5527
5474 9763
5627 6427
8011 95
564 6251
7417 7805
430 6685
6152 4514
1417 4310
5788 183
5931 7527
2285 9854
2049 9764
1219 294
4209 8058
1867 1685
5361 325
6724 1460
710 4581
6981 9247
136 1484
7534 2874
269 5799
930 1796
6119 1250
8460 8492
3154 5045
1164 6473
7613 5804
4619 777
5150 5547
8316 4676
8504 6186
7405 2512
727 8949
4753 1772
807 3178
9697 8683
2659 874
9994 4313
9178 1343
1092 3731
8678 8955
5554 2513
9854 6160
8015 7166
7261 5939
1369 2075
6975 9569
470 2965
6547 5737
5762 4742
3653 2647
8970 6672
6778 473
3101 1686
7177 6457
6123 4920
9655 3941
4734 831
5411 3092
1516 6158
3 2523
1337 8675
8303 5602
1776 1445
2964 2598
6855 4195
9164 8335
6436 9971
9709 6340
2820 7479
8792 3806
8697 5271
4624 7093
3995 906
4018 774
6198 6101
6906 4586
5640 4560
1430 6284
545 5555
6151 5457
9600 6760
1980 5418
9768 5956
8677 4929
7836 1292
9445 8256
8076 3626
5457 3322
5220 8961
7833 6821
9546 20
8461 9930
7351 1717
3533 681
7350 9708
3652 3014
2213 9309
671 5956
4859 7860
9485 5603
548 989
6423 3466
9604 1919
2903 9537
2764 9260
5651 7850
6677 9965
1767 116
1077 4912
5766 8032
2401 2676
3880 2093
8381 8638
6162 1116
1883 91
9576 6195
5437 3356
4936 9440
5831 4148
2490 4436
2900 4043
2080 5684
1012 5975
9050 2840
119 479
2628 7054
2856 4215
2866 4344
1009 6606
8850 7048
9204 5609
9764 7809
5420 8310
5202 2068
6445 9000
3385 3663
6719 2340
6912 8014
7200 3160
1162 4626
4532 7211
4892 2279
8974 6517
5490 1471
8569 4337
8866 9873
7725 4788
6361 3759
3658 5614
7427 829
6208 5805
5937 1683
1497 1617
4521 173
9005 1103
9790 4009
6963 229
8066 9352
233 1809
8928 9841
6773 9505
7025 3407
349 4350
8192 1401
6101 7496
6492 602
913 7229
1498 3821
7711 2243
3553 3096
4830 5212
6602 8925
7661 6994
3882 9217
9999 1439
1185 5858
1165 3105
5791 1430
5532 9456
3456 2142
9160 1630
8461 9522
3511 6070
4653 961
4391 8645
2 8133
8201 5370
1045 1529
3001 2968
9138 9818
4973 8129
5868 9389
3858 560
3747 4988
3839 1679
6310 1846
6554 194
2761 5979
9808 4843
4943 106
1050 9495
3367 5969
8541 80
5892 5069
7945 1060
7258 4154
2936 9391
635 5877
7959 4237
6632 4013
6405 2716
8417 7421
9321 6007
2573 1038
6017 6227
371 328
2874 8367
5685 2996
7890 6736
5962 725
5072 1900
555 8086
9334 6859
5759 8244
254 750
1780 6040
651 5863
6558 7822
3542 1464
3976 6486
4648 5389
7069 7747
308 852
8572 2255
9738 3319
1027 5835
9387 6831
7176 3842
2029 2631
1091 8849
887 4587
8825 2156
6792 520
5777 1001
1637 2116
7522 3038
6857 3710
5853 9927
1658 6084
6237 7153
627 9373
1780 7909
3883 2018
2111 9472
1223 5516
7015 8850
1892 2943
306 6822
4450 3288
849 3470
1709 9055
9117 3306
7244 272
1361 5978
9286 3096
536 4261
6282 9035
895 4886
1745 2694
9270 4994
3902 983
9452 3195
9596 5039
961 5794
8132 6876
3915 7456
3340 7032
8937 8761
2026 8067
4449 2268
1571 6625
4102 2439
4233 9972
5736 8817
319 8729
4103 4516
5399 9751
4903 6666
3399 7025
9499 7465
4231 531
4125 8052
1850 1133
1064 5634
473 1318
4607 7012
3272 7881
2801 591
7079 7009
409 9246
220 200
4671 7512
7821 7671
8926 366
7575 6159
254 3063
8584 4756
5181 4777
1140 2956
2380 1979
7882 3993
4886 6120
2847 1840
4952 8478
7707 8783
3330 3228
2689 1616
5993 5268
8879 3842
2643 4243
1047 832
2665 9778
7652 2823
4546 8746
8812 5756
1867 7769
6342 561
1273 3469
7244 3125
9655 6639
8907 9366
5354 2224
2560 8721
368 4970
7200 7207
7770 1166
825 854
2459 8738
8961 3451
2151 3405
4126 955
3829 5390
4626 7202
9494 7386
5618 6147
3778 5563
154 5454
2855 4942
5062 8763
3214 2555
2326 5139
2663 1984
9489 883
6471 27
4236 9902
8778 1805
3624 1730
6426 7821
8512 2495
89 9237
8638 6381
2569 4982
4689 8547
6607 5642
2271 6130
3101 233
9835 578
8172 305
8424 8147
2440 5717
1984 5981
6752 7885
3149 9030
2042 1224
8383 369
5526 9734
6712 9325
3988 7061
3050 9985
4437 8618
6284 670
6858 1725
3330 5599
5453 1915
3783 2697
3300 8123
9759 5073
4531 7360
6778 5394
4979 9055
5379 872
3214 9622
5211 3181
5430 8136
980 7739
2379 8561
4424 2388
1247 1078
3044 4067
7418 4315
9869 1906
5151 6634
8645 6903
1342 627
684 3590
3333 6769
2617 2774
4491 3811
7528 7110
8023 5185
7550 5581
9545 3067
9181 8081
278 1446
3192 9552
5801 5192
7147 3133
3103 3464
9322 8647
8124 8733
3424 7774
4195 3295
6090 6668
9601 7558
6386 9795
8672 7433
5442 8401
7593 1268
9881 3708
4165 8214
9589 5917
7158 5801
3486 2265
8415 3137
7020 5643
9631 3066
5416 1402
6431 7629
748 9835
4561 562
1840 7942
9249 8123
5009 6118
5699 5230
8120 4636
5458 7615
2304 6236
2638 1057
2976 8705
5558 6339
7885 3200
8098 6263
292 5089
4794 3916
5654 6734
8776 2244
8141 2907
8336 1643
3316 5707
9704 2487
6264 1972
7517 1763
918 5841
3889 3697
860 3654
2802 6747
8791 9451
358 5237
9454 1712
6047 8109
6245 4456
1414 2917
127 5720
5984 8810
7745 6088
9128 3099
8542 7397
7423 9018
5161 802
4022 7734
9779 9147
583 1586
3057 6537
9003 540
7413 2935
9533 8816
9489 4198
4989 1864
9410 7349
7485 6806
6185 5538
580 4048
3887 8840
939 3410
8516 4245
7128 8898
2912 7983
1425 770
2583 1098
4217 4082
7953 7696
164 6913
4793 6343
284 6603
9078 1432
264 4962
3341 1843
5030 4560
6095 6177
2135 1742
3659 3342
467 8644
8763 3839
9287 2884
6285 6028
6901 4378
2620 7553
6247 7959
6297 6618
5687 9708
5714 6690
2438 601
9343 427
2421 4437
8271 1434
7640 8612
4772 3792
7613 1869
6021 8693
7450 8293
2901 7480
2245 5491
2415 8500
6215 3859
1452 490
5092 7895
5304 7562
1882 3156
6874 1221
7368 9877
1337 9845
4817 1987
8493 2608
7431 7146
2924 6881
8407 2846
9961 8421
2807 3233
9747 6765
3800 9307
8756 8653
1304 760
8144 4269
2290 736
2776 8273
1726 534
290 1152
6269 5037
9173 5880
3953 6612
969 4935
4334 89
5033 8560
2687 2456
685 1909
6257 7808
2030 9264
4416 7154
4117 4567
4571 177
5991 5791
4327 941
3085 1896
7313 1644
4806 7467
9476 1270
8525 9028
4351 4380
3726 4491
478 7462
2432 6007
7195 2326
4898 3560
6910 3057
5162 9507
1190 2940
1108 4430
129 6560
7120 9129
117 83
6195 5310
8980 2045
9163 7295
2855 2111
4195 1836
6030 7123
2536 7690
3604 5635
2331 9133
820 6107
7301 8243
2815 3433
5572 6847
4804 9452
7919 4538
9608 3733
8203 2023
9265 2535
9253 8690
1797 676
6928 3034
4174 7694
8412 4481
9063 2192
4468 5287
5248 6969
7745 5648
4681 3039
6130 5600
3539 3036
634 7116
8789 3932
1399 1043
8787 8907
1381 8542
9562 1712
9684 1541
3777 4609
2329 5095
6441 4072
5556 1262
2787 7633
4953 3880
5182 9272
4147 716
6590 7711
3962 6960
8433 9030
2340 5937
1336 6291
9567 7191
3320 3927
7933 6699
8539 7047
3546 8134
8571 1879
9416 506
3644 4377
6737 1841
2115 6986
7851 6646
9338 9781
1763 1473
3310 1915
4978 2937
7828 1662
5497 3230
3231 682
3795 9695
1947 13
2897 8937
3503 3478
5343 3539
50 441
6875 8428
2671 9097
8631 6716
3074 7033
2489 667
5163 3901
8369 5607
7679 5634
163 5120
4343 8319
7565 7497
7312 9920
1555 658
4294 2140
755 7898
3475 8025
1813 7190
7580 2626
1693 1727
8239 4707
1421 9880
5463 8892
3423 4318
7237 3041
4503 9776
3011 6993
1130 5260
7399 9141
4035 1997
4311 7093
6076 3141
4877 1932
4825 7675
9888 8289
5295 9744
2418 9304
5490 1646
2733 4271
7148 6181
8435 4552
5012 6156
1331 8327
6383 9677
2898 4606
4828 5502
3075 5605
6041 1375
3536 1080
7130 5801
3266 7361
5356 6068
5614 593
6332 1643
7154 1761
2424 2883
5807 4023
5836 9351
3317 369
1846 1979
1330 872
180 4635
1397 9878
947 2246
8919 220
7126 1656
2168 2796
4492 2397
9563 1250
7369 7334
7519 7447
3600 1978
3695 9809
147 1234
8359 1069
8803 3698
1831 3595
5962 3554
196 8532
7794 700
5692 8503
3003 8365
772 4623
2298 2567
2515 7543
4424 3349
9683 6017
3634 6079
3113 5813
7045 5091
7447 8837
7296 4214
6342 9330
3272 8442
7669 698
6038 8995
5042 5890
6683 6331
7084 8453
8590 5145
7324 2726
7641 1103
706 3336
3686 4160
2040 5590
5168 2019
7682 3498
6420 7757
4980 8262
8204 6948
8036 5173
550 2449
5842 1280
5922 1188
3614 5646
2297 3995
2913 3532
3015 285
9361 3394
9659 1055
9663 285
9732 1123
9565 7274
8934 5401
141 7423
2894 3628
8532 8671
5662 9387
6743 6541
634 4385
6575 4240
3207 3785
3197 5916
1678 7284
2214 6540
9243 7556
2814 8529
990 8644
6734 7087
5671 6380
7622 5483
2078 4578
7508 848
4897 3956
8494 6299
4968 9991
607 8152
2031 7496
9355 2817
5934 1413
3987 1907
6717 7670
7833 7617
3375 3444
4930 5337
4270 8107
8376 621
2511 2397
6071 5368
7980 2282
4229 2387
3345 5778
3386 9885
1878 9970
7031 1495
8280 3679
2882 442
4468 434
9819 4168
7034 9431
523 8664
2534 8159
8031 6180
5375 1242
3213 1440
9699 5187
3660 3841
1624 4857
4520 5502
5458 3403
1356 5950
75 9818
5194 1901
8119 1886
7178 2853
1653 3159
7139 8924
623 7269
4841 6021
4467 263
9562 1547
933 7421
2970 6074
7954 3103
6448 637
7737 333
5631 5090
3220 1825
1677 393
9293 9564
9363 9528
9356 4370
117 8821
8652 5266
3081 3180
418 4676
5420 321
5970 8681
6676 7550
3215 7456
5098 6174
5277 2437
3276 1842
697 1437
6697 4202
1490 1813
3040 5010
1346 3964
2997 3624
6529 7441
4810 289
3845 8820
7399 3311
8409 5276
2356 3379
5341 5879
1806 6735
8620 7582
9684 5525
9615 655
9231 6369
8241 3585
9322 2402
2270 599
7527 3581
1052 756
8841 2069
4942 912
2134 7874
7691 8672
7057 9261
1510 5598
4905 1746
3302 364
4949 4170
6145 5475
2017 3171
5840 2486
1324 8817
6505 1642
7962 6770
1720 1307
5404 1823
8585 3805
1104 2152
593 7138
1380 6530
9802 3652
8290 4462
1366 6524
4262 1992
9204 2824
4593 4187
1397 9462
9056 6385
1620 2456
1223 4090
5336 3253
1349 5150
3137 1837
1670 9255
199 68
3023 4091
6481 723
7949 8300
4606 8427
9921 9161
571 7154
6625 9996
7815 5935
8489 965
4417 7629
6480 9414
8384 5432
6775 3936
7347 5730
1556 8915
5936 3207
1940 8395
5671 9444
9855 6899
6701 1865
6128 1924
9656 3721
683 5338
1294 9062
2254 6802
1308 1919
7571 7712
289 68
97 134
6608 7307
3566 678
9760 5393
6613 2315
9172 7708
5667 8911
3206 6257
1513 2038
4223 9345
9669 4068
5636 8158
836 8212
8655 6224
702 7982
2685 7926
2084 9820
1294 9159
3800 1854
5454 6715
8407 4307
625 4291
4765 4936
6841 9317
9347 5134
1607 8936
2662 3263
3519 9431
1258 5000
9179 7637
9095 2190
443 7372
9036 2912
841 9749
1227 6285
3003 2194
2617 2388
7809 2607
4912 7683
7614 5894
1602 6784
9608 7992
3210 9028
6206 6870
8721 7917
3080 176
5948 1774
5773 2192
9622 8962
3037 3131
7458 9046
769 3230
4279 7295
3525 7007
9899 4128
6640 5521
7403 3996
6259 9869
4916 8138
1233 4453
9837 9013
4134 447
4611 1928
759 8234
307 6468
274 6231
8655 6898
2933 5433
8535 4578
8720 3593
3707 254
4629 2826
1967 6328
2035 9597
8087 7920
8175 8524
9190 41
4368 703
8524 176
7378 1394
3730 9390
6798 7956
6525 4793
7654 5082
8974 3296
6605 9335
4016 4149
4988 9156
8049 4841
6725 7844
7615 2189
3005 6598
5215 7203
7932 3235
4809 3841
6824 2472
7147 6719
6294 5499
1627 2402
4694 5750
7279 3391
8297 4522
7460 6307
4630 3538
5715 8187
8329 6986
7186 9983
4547 8273
1423 9624
3289 101
2967 9358
4390 4544
5135 9295
5313 8313
2163 7493
1024 1871
1113 4877
8885 1641
4536 1883
4468 5320
3943 864
4679 8366
4079 2937
7854 8241
277 3250
8185 3270
3551 7472
9798 1463
9602 1150
5148 4330
327 8888
5092 6977
296 8006
9514 6779
4821 4380
6220 3424
35 1267
7736 1286
4651 4631
4403 4464
6260 6536
9639 6681
819 282
6743 5067
752 1245
4476 4746
3345 3326
2616 7265
3880 639
712 1358
2360 8790
9765 7343
9962 786
9209 3215
9302 8611
3159 1610
1762 9022
7419 1038
3993 6351
5701 4532
5402 9849
313 4806
1297 3901
5618 7685
6410 9072
44 4449
736 350
3962 3778
3457 2314
7984 3566
6028 2632
4391 5033
5143 588
5539 5144
9094 6366
7924 3768
1362 9858
7949 9775
3209 5219
9011 9776
6192 9108
299 3434
8904 1311
1888 249
6137 4499
8136 7215
6514 5053
8975 1805
7691 4881
1682 7937
3244 6078
4498 8265
7602 5429
4505 2175
2088 1743
1427 8889
803 4097
5947 727
6264 4399
3161 2548
9391 2780
2937 6733
4600 9870
1066 6761
4457 1461
2154 2793
4027 9776
5995 4971
5954 1590
5952 1355
6688 7068
9858 8212
1758 1350
5875 5519
6644 3609
394 8063
8514 7994
2928 9568
8751 1155
1656 742
7586 921
9710 896
8083 7329
9488 7227
390 2557
8199 7425
1488 3292
7657 2835
9653 6171
2238 2141
6693 6967
3720 8099
8169 963
7794 8222
2617 5665
9301 3931
4931 2201
5990 8096
6543 616
4781 1971
7092 3434
5393 4488
6464 6150
1714 974
2244 3081
107 6385
2816 7335
7189 1475
2208 5554
9510 9296
9307 131
127 5592
4075 4812
377 4070
5852 4860
6572 553
1506 225
314 6975
9407 481
1202 5720
3086 4872
2280 295
8156 172
6688 1992
3871 8006
6482 4694
9294 8018
9176 5291
2721 5414
3225 4077
121 7539
1065 8292
5293 6235
3756 5972
64 4998
9783 7856
1896 9920
9129 1464
861 9909
9230 3396
2842 465
4454 8704
3369 8179
1806 4590
6418 1448
4814 7972
6005 7324
8636 7929
1774 9876
2494 7985
2099 2362
4370 2018
3574 7355
5637 966
7488 4633
7088 6740
373 3965
4943 2022
1669 9059
4323 4803
3213 8941
9142 8881
4937 8806
8520 3245
6468 3045
2556 4412
4770 6461
912 3145
7419 7172
5972 4459
2427 2902
369 3799
3643 3754
6017 4789
9468 2273
2320 4812
3918 5174
795 8338
6584 8466
8813 7323
6821 7567
9967 4333
8126 9831
9754 6674
3397 6322
9743 7549
9652 311
2843 3320
5130 1943
8680 9497
4896 9231
4641 3628
7348 9188
9105 6044
9696 8686
959 5744
9904 6075
3895 3645
2614 8195
6160 3734
4585 3112
5785 1422
3360 3212
9929 5870
2123 7211
3758 2464
6558 5929
7742 2401
9454 6944
4021 6756
4667 7029
3102 241
725 7577
25 1288
3092 8892
4410 5459
9010 5085
4342 5212
6452 6758
3352 2505
3257 4183
1984 5697
5263 3497
7628 2845
3093 1204
3854 7872
9777 4764
3188 7861
227 7706
9479 1833
6166 8873
7403 5955
3850 1537
6414 489
8205 4418
3350 1804
6327 3405
7697 485
4945 2724
1938 4107
9924 8891
2289 72
5208 7035
9858 9297
8878 2126
6137 5339
9428 3591
4690 8577
6794 671
8333 4615
9527 5537
5892 7428
2985 8089
5708 3050
9569 38
9450 6890
2033 1637
7344 9379
8547 847
5679 8398
5279 2746
9809 3328
3169 9841
9633 5577
8754 6228
269 6666
9442 2544
4086 7491
3856 2129
496 3317
7124 6781
4756 5827
1167 6465
8133 8190
1760 8027
8889 3422
335 4480
5940 9386
5285 7925
1380 2231
9669 4110
9284 6154
54 9636
7658 9481
1814 1143
6579 5644
4940 5227
3235 4412
2532 9339
8266 6861
524 86
6513 4142
5524 1803
4552 6726
1209 6457
7082 7532
30 6715
8514 24
58 9238
8182 6261
4230 3055
511 2902
1658 2565
2256 7225
3065 3870
9219 1397
6603 3863
4502 6078
3734 7076
7491 5833
8795 3024
8220 9454
7043 3793
5595 4977
918 6565
8475 6799
1358 4607
6171 667
2263 3118
3549 7039
2740 2557
5790 7792
7804 2198
7173 3249
7592 1821
6156 692
5851 1872
4173 6070
2317 5099
3204 1720
5707 9796
7057 4381
8812 7024
9991 138
611 9026
4022 5782
8151 4609
3576 7409
3457 459
7726 8135
8848 3472
8020 2969
3114 3580
7089 810
2354 4150
4703 323
8438 3142
7749 1195
2339 8998
6190 3954
5160 3797
2841 6272
3436 9408
6705 1164
2121 2442
2283 8649
1391 5026
8098 1176
2585 617
9195 8960
6077 4112
9247 2671
9667 3091
7774 3333
2068 6323
9384 9005
2305 6451
3297 8142
5656 8716
3880 5272
5052 6511
9646 3799
8865 5258
6955 9043
3359 2740
515 2841
7913 7247
9256 8811
1864 9853
9206 5626
2901 7745
4383 332
6541 6679
6170 8328
3006 2980
5275 4845
9722 8119
1100 6594
6174 9983
6983 7755
1934 6501
3093 3245
9983 1834
9106 9260
6877 8484
3469 1177
6004 9086
5822 7802
3851 94
3459 4637
6525 607
7056 5047
9019 2112
8855 6161
6015 6668
230 6286
7465 9720
827 5102
2453 8823
5904 3426
8899 5729
8785 3958
7445 3357
2351 942
9573 7886
5742 8805
5664 3907
9013 3980
5244 3024
8772 6522
8984 1950
5991 4563
3346 2671
1456 4053
7237 7820
8751 6657
1161 2285
1277 3361
2099 7733
6540 2037
4056 8091
8413 5286
1063 2215
9478 8272
7982 3484
3010 4829
1403 6853
3164 1226
1851 2811
353 8526
1981 5895
9099 267
5680 330
4329 857
1486 6273
7020 3069
8349 7174
2238 4569
7636 6509
5374 5794
8324 6490
9566 6956
4855 8863
3566 7667
9620 5123
1992 7007
2798 4936
1825 1452
9782 8150
6958 4438
9668 2980
4682 2880
1413 6108
1382 4537
4483 9123
2278 5054
4226 9337
128 5061
9291 3578
1923 2205
5083 579
4396 1180
567 9080
728 7437
5431 5759
3593 3968
1262 8620
5567 3470
1752 887
2479 655
6405 4466
507 3420
2866 6843
4884 1055
4433 7368
5289 9142
6528 3843
7636 490
3724 8458
9663 3655
4366 7257
8598 4543
4205 1710
8379 1638
7008 6970
2701 5234
4221 1839
6466 4047
1097 7944
7486 5267
9907 5725
7601 1296
1830 7112
7705 7109
3524 5196
5240 1860
4171 8042
9306 2520
5649 9505
3116 1003
2742 1121
8723 7195
4857 687
8991 5421
834 8873
4017 4846
8174 3285
4434 6076
475 1421
1287 153
6290 6504
2869 9385
7778 2732
657 2313
3627 4265
8339 868
893 9730
9262 1317
9877 8708
1473 2008
8623 6763
3514 8819
4078 5091
5625 8465
3152 3130
2707 7915
4481 6391
2712 5311
1002 9743
9051 5764
3482 2364
6252 2856
3480 4617
2848 7718
5968 4155
3972 9900
7111 3606
8306 5759
8641 9670
392 4850
5273 5806
5177 8048
3871 87
351 9004
377 9903
4924 67
5081 6345
3709 298
842 3347
1445 2331
646 7333
2759 358
9682 981
2605 7434
8303 6863
7463 6877
9776 9224
4887 1689
270 4356
5225 5615
5947 882
1833 2499
4863 4251
5137 3041
546 8044
1508 2338
9364 5692
9169 4917
1415 1975
4867 3992
4674 4305
6629 5193
2385 2866
1992 7182
7099 7669
3645 5630
4329 979
7626 5817
7955 2368
1989 6452
438 4398
8409 4658
4825 6150
5554 724
2507 1321
7575 6031
9171 5822
937 4591
5784 182
7315 8676
933 735
7749 2729
9382 1145
4259 7170
3203 3633
962 432
6341 381
9414 6669
144 4451
5261 7265
5536 8578
1804 1838
7112 4990
8516 3617
7621 5127
9193 5700
6825 1392
420 9867
5682 5857
5386 8173
756 8245
6314 7201
7971 2703
1156 9831
5154 3099
4878 8451
6597 8887
6738 2456
2280 6435
9353 7780
4380 5500
7523 5668
768 8078
9834 4097
4129 1507
8933 8977
8430 7141
3802 8
8934 1714
2860 3048
5268 4008
3938 9625
1967 822
1630 3700
6214 4113
5079 7813
3136 2945
6364 9170
5923 7220
5068 9232
4656 2616
9660 8236
8994 7096
4743 1998
4430 4260
9370 6060
2229 5759
9363 710
1242 3299
9678 322
7380 8007
8698 8162
7181 3219
5506 1094
7891 5850
2720 9346
4064 2670
2573 6472
8908 7001
9874 6023
5179 4419
8215 6055
1661 4618
9254 735
7640 3556
9891 5955
8595 3785
5217 3759
148 820
2282 8296
3607 4710
4977 3627
446 5649
5706 4580
5535 3728
6938 2700
3706 6058
2606 1235
3866 4248
6234 8210
6544 6654
3519 8287
3262 8185
1424 7976
5797 5157
8141 6655
6216 7394
6009 5090
3708 8395
4341 7097
6656 1041
2001 8956
3409 285
9589 3111
5997 6906
5376 9503
4404 5264
557 5272
7226 512
6154 6673
5728 4031
1169 8276
1213 3522
2553 3746
3691 1249
923 5452
7968 7283
393 5476
6747 9037
3387 3594
8673 2256
6942 9086
9298 4252
4586 8702
1111 643
5987 7256
17 2024
8873 9964
7831 4669
2932 8780
8299 5595
7371 6880
1545 7165
8626 7090
7230 5210
166 3638
2832 5893
2952 7500
1386 8019
8971 5497
8207 3388
2368 4386
1543 1333
8482 3274
649 9692
8621 7393
664 2038
1930 1353
2504 2019
3083 8339
3361 6558
1483 124
4401 4850
9514 2090
9029 5626
558 9093
3150 7934
2320 9754
315 7529
1372 2113
5530 8018
5758 7414
7353 1514
777 9310
348 4465
3926 2572
6078 8745
7541 412
231 4308
8698 3500
4082 3723
2795 1820
1519 3051
745 9241
4958 7321
6363 6624
1677 4699
7530 9910
2084 9165
4738 6913
8192 5395
4666 3031
3615 3137
780 6923
7368 9931
9289 1262
3114 561
5060 6463
2641 391
9406 7454
9328 7900
6514 9832
7397 7676
1721 7580
5381 8752
9998 3923
457 7789
2928 8307
3610 4597
8814 6647
9935 6406
7947 9860
6885 1552
1975 3227
772 7812
7239 8558
7804 1517
8409 7291
1923 5281
3954 1178
4287 7077
7678 3874
5764 9173
7760 72
8863 6234
6933 6504
5378 6871
5191 3664
5818 6746
5293 1231
3923 2722
6232 2180
5737 4681
305 107
9871 8291
9336 3049
1964 2394
8636 1335
3078 7816
1665 5793
9414 3825
1014 5358
5749 2251
8018 4442
6471 8382
8456 7157
5056 4192
958 8876
5603 7054
3634 6128
2906 4031
6443 3006
5374 858
200 5546
4994 6323
6025 7925
3462 8603
6518 1883
2098 2296
9361 9546
8749 2895
3856 2474
2494 5854
8624 3319
7959 5990
3727 9188
1219 4346
4169 2220
8930 6256
9536 9515
5270 8799
9039 2967
2760 5590
2894 2708
131 6208
3603 638
6171 3888
921 9014
4866 1095
4908 4877
4384 1040
1449 2886
2433 2162
4831 3189
4153 335
5046 8686
6452 662
1900 7242
4005 336
5374 3801
5798 8779
8479 7624
1375 4529
9794 2658
1250 5445
3579 9713
9172 3164
1039 1293
6191 5756
3265 9718
3399 1273
2929 6599
7763 8080
8686 5724
2149 5034
7759 5598
7593 8749
4402 967
232 9787
9027 2883
8519 1033
631 8006
279 275
7732 7765
1873 5094
5428 8008
1622 6325
1634 6995
9334 5100
4871 1692
7465 5712
5606 1412
5869 4876
4626 8518
619 7487
6218 630
1522 9885
7484 3448
18 1130
1029 3756
852 5008
8971 8634
1262 5036
9808 310
2703 5416
3357 7369
6203 8196
4740 6500
6132 1402
6494 3672
851 4
387 2101
9153 8170
8619 3904
6176 2313
9395 3899
9022 5543
6432 2355
6119 4794
3236 1005
6236 8304
4662 6510
3255 4555
4902 3129
5376 1781
3862 4308
1140 674
5389 5742
7601 2857
5151 5382
3965 4057
8685 7570
716 5897
3311 1070
187 9941
1282 6453
2768 3876
8996 9414
9817 4007
1552 7000
4149 3276
3168 361
2444 9867
7661 8918
7259 6908
1225 3369
2124 1127
3626 2211
1987 9298
2874 5519
5629 3121
5346 3098
3711 6274
8334 8136
9884 8811
1804 7509
842 9473
5845 4785
5795 4957
5797 7430
256 5127
6594 1295
8555 9209
1195 3046
7579 1164
2763 951
1514 3175
6140 938
8082 2105
2546 4640
9146 8815
7023 6311
2329 1068
7497 7260
9893 5103
8794 5396
2403 4820
3631 1165
9074 1807
7638 4883
3908 6163
786 6569
828 255
5354 6370
7226 1948
4980 3757
556 9644
7853 6539
1186 1194
997 4232
7292 5007
103 8827
1339 1356
2544 8716
9650 9227
9552 4596
6791 1298
7252 3660
7684 4331
9557 7370
2352 9318
5538 9191
9531 8771
7467 7505
2075 7180
644 8511
964 8790
9804 202
9726 4431
4602 51
5488 9228
3583 8876
6731 6614
416 2706
1201 5326
1818 5850
6014 1831
7950 4708
1786 9277
7929 4374
800 8616
6457 3917
4566 9523
4616 3051
5986 4842
6203 1728
8473 2962
8137 6479
2381 8250
3650 80
8406 5703
2343 1905
4928 9218
9911 6490
5182 3477
484 2147
5438 5907
6393 4398
4752 8199
4707 3179
3570 1912
3442 2557
9348 1065
7597 1675
8348 2616
1403 1019
5890 4379
4168 4286
5501 916
6238 5169
5585 198
7894 3587
8066 8278
3994 5143
3898 2999
9579 4978
4952 7990
3118 2339
9632 4176
7848 4118
8014 2908
8702 8361
3748 9594
3979 9466
4032 9699
5693 2227
9139 8917
3148 19
47 7564
4807 4914
9441 9479
800 9649
7626 9290
7559 3279
778 2278
3854 5021
959 5980
1939 8331
3958 8048
6349 6638
2341 3269
7092 8216
606 9086
4364 741
8345 5061
2543 6596
3657 934
4529 5578
3647 3290
2503 9137
508 3749
4612 8466
2827 9283
3561 6059
8035 1591
7647 7
7797 440
4897 9753
9175 2400
6903 6445
1661 8961
5943 7531
5203 2376
468 6938
2153 8864
7639 362
3329 6109
4466 718
862 235
1821 7777
2369 3991
4506 9885
815 9377
6175 5829
5690 7841
1152 8010
4976 993
4878 8776
1169 8461
1138 4575
6974 871
3558 8617
9125 6699
6305 5028
1434 3925
1750 2321
3571 4156
7589 9684
7889 2952
6489 9363
2397 5017
3033 3606
4345 6394
2490 5412
4171 9836
2318 7280
758 426
175 9685
9433 5026
4209 120
1787 4213
2394 1792
5128 1993
5596 925
55 3054
6698 1609
6539 1785
9297 6078
3852 2493
2006 7758
770 8016
891 1204
9984 7689
9218 1341
604 2067
6508 5837
6140 7075
1975 275
7051 1651
1888 752
4710 2914
2798 5327
4582 3318
8601 9679
2132 8355
6461 6551
1250 3595
1263 6024
7962 5251
9359 5927
9128 6980
8088 7663
6836 6751
5525 8886
887 8491
6377 6021
4629 8856
584 6844
6478 4252
4851 3534
4687 2748
7474 6085
8222 8233
5116 7534
5722 7821
1996 7719
6867 4928
3780 8025
276 2294
3949 9354
3371 2524
5391 4843
5125 494
9091 8632
722 6066
7241 1783
3358 5518
8727 3750
2835 6624
7364 7882
1833 6213
5297 6807
4865 1483
7189 6998
4347 4963
265 773
4253 1364
1586 8434
9115 8975
6103 152
206 4519
3027 2870
2471 5074
9429 4995
2931 2048
5340 755
5103 8715
4327 5549
7856 9993
7632 6669
2294 6762
5240 6034
5884 3626
9572 5474
9747 4541
5397 8429
2479 7692
1551 4360
1612 5991
8351 5332
9158 1598
8516 9963
2252 5753
6651 4040
8140 2035
4527 3892
634 6215
5882 7413
3140 8085
1135 9202
3784 628
7792 5540
2609 2124
6426 5195
7213 2756
9242 8445
7970 8911
748 1390
3043 4974
1286 966
1779 1762
3447 1062
4925 5298
5097 1171
4226 388
5746 1314
5922 7556
4366 7381
8500 7177
3155 8665
6785 1404
2576 2007
1264 7935
3299 3718
4226 7470
7998 1477
899 3828
3018 7108
663 7879
5229 845
6177 8891
1503 8538
1344 7988
5487 1144
168 8254
248 4184
2348 3203
5571 2506
3258 6961
8880 4170
3526 4003
5809 4808
6033 6756
6025 4632
3162 7405
2649 733
7397 5675
7511 2674
6220 1757
2641 4053
4745 5207
3753 8406
8947 3288
9804 9459
4189 4185
7951 2396
1649 7623
5479 5728
8988 7242
4028 6481
4776 3586
1206 8324
4395 1198
743 4928
3405 2342
758 3679
2016 266
2830 1515
3946 1821
1561 4936
7692 9404
3582 4901
2603 3022
962 512
9140 3892
4585 2328
6145 2012
9517 2804
6529 6513
7119 6292
3327 6413
621 6579
7491 9071
4581 8048
8569 2682
5063 4069
6553 5778
1683 8812
2878 6197
8417 1216
3809 419
7001 7843
9500 6982
322 3702
7627 142
8309 683
553 5593
1321 5497
703 4252
390 2383
6141 8785
6709 3057
2704 2470
1682 3256
9884 3659
6250 2642
9882 5998
7489 7369
5740 5037
7437 9939
3799 8815
7724 4944
7414 1021
6989 6694
5900 8068
6631 4369
7359 9585
5317 9662
5695 6681
6302 9921
4926 4645
8269 5693
3639 1887
8581 453
4238 5980
6392 7107
533 4716
1879 7309
9355 6556
7421 2159
3454 9904
1499 9945
3431 1111
7107 3918
9928 1472
9504 9864
6963 8226
4696 4111
8454 7004
7746 4496
6374 7149
1126 3788
9980 9376
8469 5964
4072 5092
5865 352
5020 2383
3519 8534
2814 1354
3487 6121
952 2079
6003 8808
6156 4264
5570 4909
6832 8130
5099 2457
3630 316
7206 1953
6009 9675
6267 6916
8136 8444
7418 3032
2791 5636
2594 1086
1230 4541
2467 7424
6682 8049
5741 3735
1723 8265
5322 547
2436 1046
4964 2452
8511 405
4937 2329
1275 2682
6991 7900
211 9646
9735 2471
7691 5280
1333 671
5077 6263
5351 2539
4864 7483
2373 8065
9810 6728
9628 611
4594 8832
3078 2494
5119 4081
6737 6200
2333 6993
754 9461
6687 8152
91 6927
5036 452
2617 5597
2994 464
1398 3836
2888 7813
8562 4484
3434 174
2205 5012
5228 3920
6071 4525
6804 9029
286 9951
4577 4127
1590 7099
2019 6304
2409 3474
9145 4559
1171 8600
6517 1775
3414 6670
3019 4245
6283 7997
3483 6091
2417 6298
1533 2013
6583 7289
5325 6645
2566 6703
3763 5758
3671 2652
93 3883
2959 7160
8666 828
260 4152
8189 7262
1179 5454
3776 8629
4107 5814
4562 2725
7880 2965
5723 7656
1234 1662
3277 5419
2913 2791
7752 2319
2196 2295
3244 247
3471 8809
6219 4626
5098 1102
8800 9316
1096 2522
3223 2389
6665 541
8588 5930
2844 5622
7288 4388
9929 7503
5051 37
8239 4192
9882 5371
8023 115
8548 9737
4651 9058
5167 6628
6466 6725
1554 8924
3735 942
6961 31
2003 1313
4280 7416
4902 1913
7501 471
6301 2961
7695 1338
7257 1199
502 2528
7060 4641
7417 927
6072 6142
1853 2029
8094 4614
8471 4445
2606 4210
6358 3059
7218 3601
6953 6742
8054 8703
3303 205
8788 5727
6891 9999
5092 6742
9183 8615
5999 4093
6583 514
4472 7456
3963 6474
6676 9190
1441 7412
777 7262
5670 334
1451 5760
2121 8982
3192 1128
1942 9559
8038 386
6232 6241
1859 9767
2799 1794
6851 7600
7392 589
1565 3294
9688 1931
2367 417
1657 5490
4598 9805
1874 4196
2724 7163
9155 4561
2544 9844
7060 5322
1896 8747
6225 6571
2900 3460
7391 2925
2413 9717
6370 2226
6826 6523
9284 4740
2137 3036
286 7877
2027 8785
642 5089
5230 2669
1793 6229
4438 6957
2819 7027
3916 6168
1986 3052
9003 1667
6977 8181
2042 6430
1966 737
5684 1579
5318 6374
1773 8725
8146 7248
9931 9690
6975 3174
8239 4463
2645 5130
3570 9875
8392 5074
5094 3408
4634 8791
1741 1271
7859 5273
3809 6242
1426 9045
854 9949
9050 1058
9026 7827
9731 7438
8838 694
232 6105
5803 3251
7006 7193
5937 510
2533 4252
734 5576
7429 7238
470 793
1698 468
9216 7548
7563 9373
7611 6829
6857 9228
8670 5554
5601 3456
7456 9868
793 8651
9073 7175
143 1230
5242 2832
8817 226
9101 7552
3883 8203
9438 3383
2188 6720
8167 4540
612 5526
2980 2530
156 9842
5770 6326
908 4753
6773 9467
4225 1773
2519 1136
8178 7275
5350 4414
4430 7169
9381 8536
5473 9843
4556 283
5121 3275
9038 9733
5457 7587
1017 838
6067 4542
1626 2469
1240 9772
4090 7188
3277 7527
4993 112
77 3423
7450 1489
7208 6654
9719 5199
8565 3569
2940 1048
7132 7503
1762 9619
5208 7876
7435 1837
4573 7151
4326 7239
4643 5530
3835 2218
4387 587
5241 2491
3349 6978
2271 9558
1632 2658
4721 7685
8359 8817
8823 2994
8454 9915
8282 9020
2829 9260
1131 4293
8979 9770
8202 8323
7459 1568
2778 5124
8040 1810
5238 7870
9443 7585
7280 8163
6737 3494
7787 4506
344 2714
3941 7484
8609 3283
3960 4045
1189 5641
1470 6782
2954 7518
4340 244
3959 9987
6313 7927
2363 4364
5875 5298
6502 3591
1430 1583
6662 11
4189 9627
6151 977
1334 8359
4870 135
2662 2486
3777 3727
9440 3638
4011 5906
2491 9677
6442 9639
707 6062
9150 6711
3227 1688
8786 259
1198 9266
7126 4475
2440 577
5338 2802
6921 144
2529 5785
2935 488
253 6095
3989 3868
8443 5116
7100 1742
1112 3186
6938 1754
4208 9374
7148 7344
5006 5783
2508 4136
8301 3858
4781 5264
99 8313
793 5669
9630 7546
1467 3570
6001 2166
7960 1556
9415 8157
1751 1214
1989 8699
6548 2617
2117 4897
7575 9280
5233 5620
8385 8046
8338 2143
5509 4185
9688 8398
7436 9927
7737 2155
2428 5092
8722 2163
8378 9541
7014 7178
9776 3823
1849 5743
2711 2710
243 4853
6773 4646
292 775
7018 4725
8664 2432
2217 8890
1526 3346
7074 3998
227 3117
1572 4975
2782 7154
6421 3416
882 51
676 6355
4088 4791
6056 9650
215 3804
6365 3183
8917 2564
113 7196
6841 2765
8060 2214
6826 3098
3988 1124
8294 1340
8821 4181
320 7334
1049 7817
6820 7600
5454 3606
838 2587
8540 7975
1044 5464
9795 3928
9876 1129
877 4745
9286 421
2664 3625
9370 2997
3538 7664
8167 2191
879 6844
4206 5923
7378 7762
7047 9750
9546 1602
6263 8169
7532 5314
1249 4645
5611 4727
6425 1445
6646 745
5866 1798
3439 5312
7324 1621
2318 126
5613 4277
9915 8680
5495 9168
1026 6528
5312 7495
8154 7934
106 3241
4807 8972
5593 3186
5322 2237
6492 109
7888 5171
2604 5251
3254 2168
8281 2201
5214 8790
8335 3218
3316 6883
9566 5414
7440 6431
6198 8111
4394 7640
6753 4142
9771 2196
7627 3840
9944 5945
2715 4944
9046 4044
1405 8255
1151 3340
932 7292
2027 4884
7602 9232
6429 7196
5802 6054
7940 1807
9344 5583
7163 4108
5052 2221
9873 680
3932 3608
6940 2785
2036 5214
3276 4051
3129 2719
8952 8665
3724 9252
8527 1083
1345 744
1141 7078
3411 3262
2678 5608
4508 9671
8787 5825
908 8880
57 8917
4484 1436
1166 5745
7823 751
7056 2703
3047 9933
4727 4381
6593 2154
5265 4376
141 5721
7613 7398
5150 9739
9411 3907
3242 3276
7788 8632
9907 4142
7286 1321
7231 815
6697 5110
3634 1548
3850 8022
8727 582
8952 1575
7750 3463
5888 7102
3985 1577
3395 3035
9643 9022
5181 2255
892 8526
3438 1234
608 5510
1691 7891
6953 3364
521 2819
8604 2568
3666 4723
3749 8001
8369 6593
2695 1646
7316 5359
9835 2634
5232 6576
1054 5698
2294 5508
6795 6424
7510 2517
5930 3748
9633 4335
2318 4084
957 6384
8353 7715
3940 9293
9772 6445
4739 6806
1188 6596
7567 3818
8870 6545
9942 2425
1428 6456
9259 6024
4340 9617
2283 143
6428 6527
7958 1891
9805 2504
5906 4225
6688 1595
8945 8672
3932 4424
98 4524
9114 9077
8640 2783
5705 6685
4314 9605
41 8373
3765 6467
9440 9792
1326 2083
1278 7180
5992 295
5319 6707
5248 2198
7924 4266
6418 3611
7999 4418
1854 1700
2580 4171
9051 4587
8636 9460
8958 1274
4565 8574
1759 761
5406 1745
2837 5694
354 4977
3835 4888
5536 8858
1179 4276
591 7059
6488 5283
1604 4317
7097 2232
7892 288
8149 9391
7303 2835
8878 7541
1525 5908
2782 9774
4036 2953
5608 5804
1823 2937
3202 4014
8658 4954
7370 5423
4489 6050
6745 8862
9762 8278
9475 8552
8070 4021
7475 935
2385 8839
8216 4314
7914 3005
7827 357
5918 6602
2775 2166
1871 6503
2017 8357
3635 6582
9748 4196
4121 6794
2086 6083
3761 7869
6404 8986
1369 1589
6443 747
7346 7708
6183 6563
9008 5371
2516 2972
8765 9783
4088 4807
5499 1118
4071 4983
1530 1007
8843 9272
2150 2120
6643 4691
5474 1018
326 4379
1098 6650
5316 3732
6768 1946
2127 712
3042 3969
2873 7876
4099 9438
5029 3705
5563 2565
1541 2346
1228 3885
7521 1115
4600 5564
398 1504
6895 5602
905 8811
6918 7485
9564 7240
3152 297
9872 3336
2880 601
9379 3629
7623 6132
6030 9549
9190 4831
2688 5898
2254 6973
2387 3160
2278 935
6487 3620
7352 39
3424 9135
7354 6771
1597 4681
8807 7104
2407 2066
3895 4553
3676 5804
1260 8542
7388 7839
3103 3860
4685 3209
2661 4092
5960 3731
2074 614
4700 7321
5171 1493
3165 7484
7864 7693
111 8757
8188 4236
1876 4913
8284 78
3835 9048
1030 5680
5560 1709
5781 8757
2812 4109
7680 3336
2288 1970
7032 8352
3656 5944
6878 3268
9445 8487
7933 480
4707 8129
1327 7958
4732 4273
8166 2940
626 6390
8744 5127
5115 8464
6880 1922
2778 2754
8019 8388
4409 8219
1774 909
1532 7220
4647 5034
4414 1623
3847 9498
6275 966
3396 7271
8071 5493
951 151
4034 5724
6996 5243
8966 7013
7516 8202
5218 9346
9032 730
4801 7901
1182 4983
6438 3714
6253 1290
6845 2583
8741 3825
2574 6063
5251 5604
2393 6573
7744 105
5632 8605
1043 8755
1975 7155
3208 8940
4536 3110
1946 2029
1471 466
9524 5792
2158 4358
305 4452
7129 2029
5504 1717
3290 7619
8832 6658
451 5027
1826 8552
746 8838
4617 1340
2281 8123
424 8437
1363 9814
4045 7375
4033 4302
7753 5984
7671 4235
9376 4249
9010 3216
2167 5924
9114 4439
256 403
9487 9821
607 4131
8943 5510
619 8541
716 1301
720 2588
5045 7403
2377 1719
6369 4225
6140 2493
236 8721
5729 7474
4295 2013
5333 222
2851 6713
3925 4765
1921 434
2842 9328
623 2127
2469 7768
2841 261
8494 7923
5060 4717
747 3686
2668 3630
6865 8702
8599 3153
9559 4854
6900 9066
9567 7476
8016 34
2544 4114
9346 1551
6265 6367
3564 7135
4668 8176
9070 344
8102 8383
993 2072
3553 3023
4234 8193
9784 7071
2487 9905
7428 6687
8125 3515
4489 5822
5164 7089
9929 8227
5214 1272
7326 9402
3814 9242
2483 4988
3666 2880
5136 1740
7584 9915
4410 9038
8203 8050
4159 7892
7466 5931
7042 7032
3851 3068
3325 1478
2119 1888
3573 9578
2454 4738
212 9933
6764 5888
3087 4409
1019 5478
6533 9049
7379 914
2289 863
5109 4128
4837 3305
3656 9439
9958 8767
7151 6564
2809 7221
408 4062
7527 2755
1021 9548
5149 2558
3745 9767
9426 6642
7007 3914
2492 4274
2125 8667
2028 8234
3944 3047
1546 1241
1060 2464
5527 1495
6941 7900
3065 2533
7432 4043
3541 9168
4895 9266
1747 900
9344 7162
1524 8345
2606 4638
4734 8528
5506 5055
6566 6316
6075 9793
4753 6080
583 8714
1684 4354
6893 2384
8397 6557
8281 1080
404 2381
4655 854
4080 1853
394 1501
2979 2524
3329 8052
4858 5600
407 3770
1951 8285
907 6923
6937 9362
7374 126
7530 8496
2665 6574
2355 8201
8996 7596
2806 5700
3577 9544
5088 5253
7996 3636
950 5265
9027 7368
5594 2177
4236 9536
9448 8536
7501 8292
4398 7328
5031 6580
1765 8940
2168 6970
8520 1276
8869 1759
555 9421
4913 6962
575 6758
2546 195
3991 1987
218 7281
3417 5379
14 7961
7934 4899
9845 8723
9304 779
2737 5846
2120 8414
6192 3827
8055 6373
2430 2243
1373 4472
5727 5058
3300 913
956 1546
4037 1557
1559 8968
7161 3312
5211 2021
9791 781
4891 9430
6425 2126
5421 3417
2710 9801
4951 4431
157 710
5088 1817
6143 5408
9649 1198
2679 4953
2108 6074
8120 463
5051 4296
5222 371
203 6228
720 9683
9850 4665
7328 1383
1498 4554
7899 8803
2711 7122
1654 2423
6846 5683
2357 4233
3644 1686
3463 6162
2592 5032
4259 317
7981 3742
1567 531
8550 742
3477 542
2730 5812
5361 2333
7040 83
2704 339
373 8033
5223 9078
4089 8910
725 8659
8567 9195
8931 1866
2265 4116
3953 9936
8927 141
1265 7153
340 39
3664 539
6569 5213
886 940
2144 9799
1470 7363
9620 4737
5188 6479
6767 4858
6344 49
5756 8191
6274 9886
6217 5870
8535 3355
1973 1667
5978 1079
7935 1822
6565 3651
1611 1277
1053 7845
8837 3875
36 1146
5171 8682
61 9529
1704 1650
8312 6268
1729 1622
3022 5860
181 7408
8984 3841
9367 478
638 8954
2932 283
9896 690
2877 7696
3772 7469
9157 9085
9211 7703
8875 6395
8953 2233
8225 8318
158 9455
528 7057
3626 6396
387 3979
2197 7550
7645 251
1415 4657
673 256
4607 6930
6537 3935
5836 9325
7011 3090
1095 3560
6957 7376
2155 525
7650 4619
1156 9862
5838 519
4025 1630
6618 7814
4412 1584
7906 1814
7316 4630
5664 8522
7016 3690
1469 3629
6328 5307
3389 2338
6312 1090
5474 6062
1798 6427
3792 7274
8425 6115
4365 3741
1578 71
3939 1199
5593 4722
7164 9899
892 9388
557 783
8957 4200
2799 9320
7298 6043
8739 5522
2549 8659
1735 4075
6059 6756
9022 8234
1468 1666
2968 871
453 633
6754 5590
3598 3222
9771 7339
7644 9340
3626 9088
9853 7856
1933 6995
5490 3930
3205 7101
5841 9055
8 9183
406 5315
7534 7977
7163 3458
9574 8273
5153 2370
3880 3846
3097 6741
7279 2507
1266 9863
2241 1960
7106 5617
7855 9437
1163 315
9872 5212
764 4876
8345 6574
4907 7871
2317 1184
1446 897
2261 7743
7141 5724
8656 7403
6622 7747
6968 4670
1491 6982
3217 8117
801 7048
626 1642
4002 6193
7993 6902
2496 3427
4239 7300
585 1013
2961 5483
5980 6155
1438 3945
1780 7605
4427 738
7961 1466
5237 9016
7884 6772
6262 1332
5377 6612
4117 3216
3598 9015
6547 2623
1549 4140
8682 8088
2064 4781
5699 5381
5990 4352
4683 9185
843 9380
7766 7155
4736 7369
4402 1029
9542 3343
714 7465
737 6098
1309 8411
7168 6250
2363 2563
3427 5206
2493 5342
3077 8309
8712 3791
3857 3905
7865 3983
2358 8076
3577 4686
5240 5020
5355 3197
9785 421
5239 5741
2916 7055
640 5423
1668 6714
99 5997
5321 2678
2466 3640
8223 9918
9965 9151
1767 7560
6821 3343
1775 5211
8273 3123
2139 1870
9396 3389
5961 2079
7311 7556
822 6790
6291 1991
2961 8260
4346 2466
6992 9079
1148 8775
2930 8706
6154 1269
8211 8674
923 7079
4702 8509
210 2849
7081 1559
3144 867
4611 1149
8167 3845
4054 573
7935 9257
2378 9824
5039 3615
816 1886
754 6679
375 2722
1139 9629
446 2055
4740 911
4263 4425
126 2328
1507 3132
2476 2715
3448 3779
5518 5447
555 3124
992 2917
2281 7133
4264 1027
2728 4133
2841 4688
7938 67
6408 3377
5422 7991
597 1346
554 3292
9673 2586
4907 2129
181 4742
2161 3869
9593 4104
282 2456
6165 4664
8207 653
4061 1203
942 461
4825 1693
1766 3275
9909 9270
9377 8966
7175 7284
4867 4188
408 4076
8082 9114
9614 8701
6730 4640
3032 9265
3636 630
2083 7388
2853 7212
7381 6130
6006 5084
9725 4252
2094 3581
9975 8862
4677 2637
3712 1959
9507 4020
6620 2807
7179 749
3140 6165
4234 3756
9950 9488
4184 9620
5690 9586
916 575
9304 652
2434 7316
1625 5589
7666 6573
3441 1382
7861 2137
1627 1153
5821 4649
5268 5969
1804 5848
5140 4422
5401 5180
7614 5122
8209 7268
1940 8401
240 1164
5680 1195
5494 8148
6902 1929
5256 4945
608 6894
2640 1404
4863 407
2899 3789
1996 8031
4616 1894
9729 3006
9666 8545
2440 9314
5830 5450
4010 6454
5588 5014
6820 8694
4854 9512
2429 3249
9377 4110
7874 1804
3236 4922
7635 6220
2133 6227
1137 1106
6937 5268
150 4971
3813 9542
6996 3194
4805 7506
649 2706
7378 6719
8702 68
2701 2097
4472 3309
8023 3867
3857 241
5194 2484
2559 8228
8479 403
704 4826
398 2164
846 988
7268 7246
7321 2551
5330 6713
2341 1327
1818 4726
762 2019
4837 3844
4305 6127
5363 9810
3646 9358
7858 6360
8797 3147
8636 571
6007 7937
3290 2435
3236 5503
948 8431
192 8770
4504 3445
1299 5266
7847 6826
4918 120
2073 5916
8198 2957
6332 7775
1035 8397
8508 6336
972 131
392 5790
3021 654
6477 4971
3023 2946
546 9652
9183 4254
1766 6554
8731 557
9271 3962
7354 1187
6915 1126
1635 8768
6582 9515
4301 7385
6573 7975
5086 1436
2090 7978
3974 2982
8513 1276
7697 5637
8864 9260
1900 4914
6463 6097
7995 9791
1811 6349
2854 4860
5785 2695
8559 3965
7552 5489
4303 8007
3306 7015
1733 9188
385 3182
3384 1011
6440 51
3654 9269
938 9718
923 4006
9081 2650
3059 3885
9485 669
8827 7905
7252 5348
9714 6314
4690 4388
8322 8235
817 9109
847 2653
4467 4701
8834 7370
581 5345
8827 4199
3995 2332
6810 1463
4692 9378
1406 9145
862 7178
162 9838
9995 8088
120 9107
204 1990
9010 5881
6125 1916
9583 4569
2249 6747
1273 4105
6055 2024
7158 1196
9299 7278
9282 3283
2189 5303
7047 7786
3866 8701
1385 9349
898 3049
4691 2576
6984 6881
8842 7269
7857 8480
3488 9029
1756 6944
4257 6233
7356 4222
1652 1578
4251 2311
406 8781
433 4848
6980 1219
4429 9559
3694 6256
2889 3073
492 3036
2843 5511
201 106
2528 4484
1716 8403
2051 4442
3211 6234
6106 4949
5761 7516
46 6066
5034 1032
8474 6209
150 65
9287 5780
5108 1284
3315 9153
674 1284
6788 6822
4097 3557
2291 8238
9919 1592
5332 2366
6935 6459
8244 1563
85 9635
13 6381
4029 3515
1580 3886
6197 2223
4878 9896
9197 4834
9797 6284
9213 4319
8915 7458
2567 4617
5174 4670
9246 2648
3771 6819
7706 1949
5156 4524
3375 5299
1646 6016
4493 8348
4362 8611
4170 6049
4838 3424
1664 1415
5800 9965
3588 1510
3977 2617
6348 3958
3506 3631
5700 9223
921 4139
6706 931
6736 3824
6611 5976
5324 1340
4767 6786
3784 9637
3834 5845
402 7496
3971 9094
8230 4243
8683 6531
9885 6558
4017 9994
5188 5878
7891 7041
9947 7873
9533 8525
8548 7793
5024 6873
4313 1813
2543 1278
7830 7167
1105 1841
971 6659
2121 7751
6576 1009
8926 3539
728 3555
946 1383
1613 8917
2932 1373
3368 3744
4636 7835
493 2894
5905 785
126 5688
6023 2648
4119 9543
5341 397
8249 7173
2317 15
7572 8529
3920 659
643 3599
9299 8636
5991 7022
6306 304
6905 3703
8929 6237
5470 6678
3976 8506
429 4288
6488 8858
3999 8457
3015 1795
8937 9550
3039 6512
2909 7598
5053 1228
533 9811
1741 936
1535 3466
1933 7697
5561 3213
2921 5769
2488 5351
3874 1247
9497 8872
7481 5894
418 9166
4842 3095
5041 6812
8735 7005
9998 2343
6079 6312
3407 7754
8665 3632
3681 2879
5528 2951
5156 348
9267 8883
4258 1726
5342 8122
6305 5636
932 3443
8767 9127
5465 1771
7826 693
8261 6750
5192 5716
888 7298
5453 276
2299 3802
6860 2301
2209 7517
8186 4083
5733 9513
1655 7433
9800 3217
2758 6484
3336 6428
7448 3742
9207 1294
9485 8351
6602 9727
1820 469
9069 9021
1673 1754
4678 6933
4875 4591
724 2138
6729 3967
8784 7668
5888 5289
7825 3553
9910 2630
6628 3822
4035 5050
1222 973
5506 4063
2118 8427
1426 7739
7543 5045
7880 5787
7780 1620
4963 6483
5384 2486
8663 4521
9401 9789
6319 3770
5040 2728
1145 7798
9339 7422
1418 355
391 5300
6479 824
6604 9695
2750 467
5426 2842
8977 2180
5889 8865
7462 4799
9210 625
2589 4376
3058 947
8697 5148
35 5057
3396 7736
3680 9704
4441 204
7903 3633
2475 8524
489 4603
3381 8960
756 2571
6196 4274
3382 2710
6354 6114
1211 4998
5893 9703
9301 3244
5049 5200
304 1946
3582 988
3482 67
97 3864
9032 6402
737 8325
4416 5544
359 1238
1575 2703
998 4567
423 749
5983 546
6848 9696
1242 4282
400 8502
9707 4940
4167 1902
7874 8759
5099 312
3437 6840
4608 6397
6378 9050
9879 5037
5242 2230
8088 6458
1793 6988
4433 7425
8508 9948
6748 6638
8361 5216
4802 5235
5346 3656
9760 5540
1872 4226
7681 4188
1910 552
6401 1264
4305 8345
1302 8538
4839 6451
4229 1857
7525 6842
2192 2839
3906 2595
4856 3862
8826 2011
7674 2519
7899 2066
4092 8913
4816 3293
2769 6193
8662 5688
8135 7232
6814 1177
2890 1652
5029 5580
3802 6210
6908 4706
5834 5383
8043 6308
5317 3766
6984 9952
1953 5523
4518 4747
9495 6664
3573 2886
6555 6318
9421 2490
7904 6416
6659 9547
4456 1111
3335 7743
6382 4762
2946 5560
9053 3868
6759 2487
9577 9423
4406 5243
1715 8874
4542 365
3181 9191
5338 257
1875 8377
2133 8159
3385 3336
5120 3311
3544 4138
5970 9596
3534 207
6350 1150
5595 8020
1323 6683
1716 840
2692 5963
170 6666
366 7084
6225 463
9995 3061
1428 3393
7936 7848
4486 6460
8597 873
9746 9957
6696 7757
763 9100
6042 5218
2203 9399
2025 4769
7635 2462
3723 1074
708 8033
6690 1400
7074 6581
3426 2651
287 2013
4357 9385
693 9568
7526 8369
7974 2365
908 3604
3284 7862
1118 6409
3514 8877
4630 377
6717 9242
3417 8004
2655 1906
6134 8505
3641 166
8002 988
9812 4505
9269 924
8758 8979
6963 4521
5046 8197
920 5353
6518 2644
7308 6223
9832 5874
8110 4659
3178 9724
6942 5670
3323 9700
4359 9875
4274 9998
8945 4490
2506 4177
7745 6334
363 6576
4568 1876
1769 9647
7438 1732
9833 7239
5837 6209
2972 8464
2180 6359
5659 3743
1217 840
9798 2727
2235 2060
4006 7407
7952 7186
8626 2727
3421 6684
6255 3631
7834 1295
4759 3948
4033 1044
8914 6860
5683 2850
1272 244
6587 3990
5763 2454
3580 2726
1174 4803
5507 2943
7718 8102
5076 5605
5393 4042
2185 7538
6149 2540
8270 5392
4827 4646
2096 8440
9560 8275
7043 6587
8432 6627
6271 1661
9578 6789
4115 3267
5713 8062
9530 9921
4511 714
6964 9052
1207 5108
5661 8132
4387 845
4621 9568
4156 6948
286 2929
6900 2506
3715 6433
6724 3366
8717 9168
8838 2571
7327 3677
8759 2966
5452 6925
8467 3454
8248 8831
6407 6348
7843 5568
9196 1793
552 3675
2586 8635
2209 1393
2887 6277
6871 6751
9177 504
72 7784
9065 9691
5354 1371
3018 2893
826 9555
5616 4520
4987 3248
9306 1254
5986 3283
8587 4679
3202 8401
9106 8477
6478 5153
4652 1396
3450 4001
4110 8371
6519 8754
2996 4178
915 4893
4051 7653
3688 549
7741 2822
9403 2591
7330 6009
8130 3088
1317 2995
373 6668
4663 5107
3088 2948
5979 8251
3366 5423
8380 8580
5834 4399
7635 2157
5947 5314
9743 472
6065 9830
906 5588
5294 2241
9407 9411
2064 2359
3642 9569
695 9356
5307 6681
8553 5179
2131 7414
8218 6194
9489 8370
1828 4613
9205 483
9368 3131
860 5269
5093 2175
7915 5149
8670 5388
3535 4063
4433 7491
1036 4934
7406 9755
2173 4074
1737 7655
9971 371
105 6617
4873 2767
8946 979
1629 8787
6322 9173
7118 6339
9570 2586
1117 2489
7264 889
4776 5468
1926 9257
8468 4504
8225 3914
6185 4669
6217 4744
3943 5711
7459 4894
8124 7160
8845 6834
5301 7448
6833 807
4701 1875
411 4952
8518 3360
7826 9550
5282 7595
1331 1329
8207 49
9764 992
9711 6338
4146 7255
8350 548
5522 8248
1378 5825
1182 6789
6305 5875
3462 2502
8751 3253
566 1736
2954 3259
6467 9617
2210 8728
9850 1803
5743 9561
1477 3775
2949 4290
2871 4637
4004 6741
8308 2059
3153 8387
7869 1492
4932 705
863 7342
7252 187
5461 8056
1520 3457
3193 3247
8242 7044
1283 9480
2522 8067
4829 6315
7073 1272
8486 4588
4950 3101
395 6434
7380 5100
5830 7559
3761 699
907 4272
4240 2005
9181 451
6352 3685
3628 1105
8591 370
9966 5203
5787 2079
6065 7282
2990 9702
6377 9424
8707 7708
5963 9914
3299 763
0 5555
7336 3527
687 3916
9641 2449
252 6586
22 4770
5552 1167
4241 740
6471 4761
1713 1475
6311 4580
3804 7378
9440 6144
54 22
4273 717
3043 9049
5683 9904
8657 1647
7980 5166
1046 7735
1803 1515
4770 5127
8162 4083
5709 8401
8356 6035
4883 885
4267 3328
9281 4562
3432 202
4705 5413
762 2242
1542 1636
1461 1400
733 5211
6538 6607
5694 9905
7437 2505
7270 4336
2867 2091
9602 5846
7709 6195
3129 9001
437 1606
2630 808
3436 5582
2271 5958
3870 7808
5817 4817
4215 968
888 1476
1072 3530
7469 3997
7152 2717
6085 8779
677 1511
8390 2278
8247 1292
3299 5938
5552 2581
989 5384
6416 9063
5344 9184
4728 6595
1663 5236
7598 6755
5246 4979
5821 2219
8459 4553
6040 3540
7757 751
3723 738
7305 4603
353 5400
7957 6534
9633 9116
6038 6274
4639 9231
1600 1370
574 3872
1136 9233
7697 844
6444 6494
5520 9076
6826 1644
9984 5932
2667 417
4478 6679
9042 3760
8336 6455
4152 8103
9225 5193
9824 7227
8138 3964
5517 2481
7203 4513
710 4702
9774 5869
3753 5132
9594 2627
1316 9309
312 1537
8718 1614
29 3996
7502 3081
9101 8387
7790 4487
245 8104
2077 1752
4677 8105
3247 9079
4351 7803
5002 5357
4012 1045
1452 2760
3561 9756
3850 9394
7775 7544
1462 9934
2030 5680
6668 7067
7067 921
7773 6063
9746 3590
2505 3321
2970 3416
7955 3227
5381 6462
21 9730
674 527
422 5297
1229 3028
3177 252
5538 2183
7867 3606
5045 4946
7692 7070
1720 7353
105 6607
2686 6902
8187 1131
3571 4163
5236 3926
7481 9312
3477 4299
6756 5573
5982 4493
7294 9769
9052 167
9005 8137
1698 1599
6778 1501
4778 7715
6442 7494
5776 4022
4695 3530
6708 5988
9239 8154
589 7366
8227 382
4475 8153
4152 4301
7583 6602
9606 5443
2684 4329
9111 1871
5708 6108
8660 8643
5500 2083
7778 4923
2352 8229
3764 5671
5043 6677
9148 1579
9459 1648
8532 1787
9992 9501
365 6799
7848 4803
1863 1611
9187 4939
6115 4339
124 8314
3901 4174
4589 8153
5333 6110
2951 8905
2949 6130
2958 6823
5321 6147
6279 2989
1037 6226
9988 5004
3621 544
6434 5418
9275 1303
2934 6492
3881 2416
6176 7668
6477 5673
2535 4787
4253 9816
3239 3073
9039 8899
6889 787
6141 2734
1314 5211
9567 232
337 121
6544 6582
3961 3934
1713 4239
5238 8964
4889 5873
5649 7224
8184 5363
6388 1420
9348 2966
7578 3346
2006 7648
848 7495
6321 4416
495 8614
7565 6382
8280 4343
1868 4250
1126 2181
133 3696
3565 4845
3226 6112
9163 3441
8147 3949
2571 6825
2540 9302
3789 3494
1456 1363
1382 7053
4495 5050
8537 6051
9041 3578
348 4558
5422 5999
1389 3544
4593 3551
4431 5706
6619 7324
1484 422
7107 3383
1248 3436
2660 4198
7875 944
8171 3898
9326 8109
7301 3266
197 9644
8137 6691
2109 6712
2514 1230
9594 345
4942 2280
9309 5579
9398 8769
5389 9847
4101 4446
4814 1689
1075 1196
4591 3707
8195 3004
8312 4355
3630 6828
1039 658
1056 5071
8650 9974
4614 6178
2989 5809
7258 5809
8926 193
7492 8314
4047 5959
6429 3476
3974 7730
2141 7709
7675 1802
7584 6188
2224 5326
2141 1038
5057 7950
8149 1741
4241 1917
1584 7498
96 7452
7320 7772
2918 4992
3701 3387
1104 1329
3246 4610
2054 5412
307 5957
2436 4172
5000 1650
1811 1561
8923 5719
3206 2739
7251 6117
563 917
5227 9521
3725 540
5209 8977
2718 9559
8627 6846
9829 8921
3768 5041
328 119
5522 1857
8481 4704
3431 3873
5974 4268
2676 3182
4209 4477
2764 6872
9469 7145
2003 2864
8850 8326
462 3905
3071 3293
2238 9006
8796 5356
7611 243
2015 3797
6491 2065
3758 6407
2261 6954
4686 7650
3652 5869
5710 4153
4897 2269
9055 4914
2578 1333
5749 6641
198 8643
4284 6239
2047 6342
5356 573
5803 8012
5307 9134
1899 3995
8347 2149
2432 4228
4096 6894
3287 2217
7963 7600
5722 4836
2180 304
9867 2599
921 6036
1839 5158
9656 1070
1875 9993
8039 9047
1830 2792
6532 4938
6971 4297
2988 8003
3151 8088
7457 3167
3056 3896
2225 3083
4734 4397
1059 3109
2833 4928
8235 6111
2686 2901
9579 4025
8601 430
7974 2172
2719 2448
6659 7796
9613 1480
499 4307
1359 2436
7522 5952
3996 6100
2162 6335
8523 7740
7197 7293
6563 9512
7355 8457
7957 9200
9830 5400
80 1801
1812 8616
9175 4411
3544 600
9645 6023
9759 3221
4519 6755
2969 8288
5839 8399
1453 2222
9053 7480
8593 2119
3505 5184
8859 143
3092 870
7801 6635
5439 2977
6849 524
8028 506
9858 7486
209 914
4852 4158
6362 6221
3421 518
234 8969
8781 6255
6386 3687
5723 9144
2683 6030
7922 4333
415 7
3486 1323
5690 6355
3478 4466
482 3709
7382 8491
2169 1538
5915 8850
7910 7415
3102 9667
8244 7659
1582 2582
2011 5957
2891 2605
4352 2650
3913 7051
8903 9937
9428 7216
7630 8810
6008 1958
495 8398
7872 6012
9790 5250
8051 8055
9228 7266
4961 7353
4363 6493
7266 1343
4235 4010
8809 1111
1880 4654
4862 1744
3884 551
3754 4539
9630 5946
1105 6920
6470 6721
4864 5117
1811 188
4694 4486
6714 699
7223 2398
3963 2571
7721 5308
6494 2900
8600 3312
3712 3286
1844 340
3204 8824
4592 4527
6212 5908
4620 9305
7720 8226
8403 7420
6772 6672
4179 2590
7633 4652
7073 8228
894 3910
3060 2353
2631 47
9803 5473
8489 9555
3980 2584
5115 3241
3308 7283
8910 2496
1232 629
9163 5557
2486 2862
7464 9994
9595 2089
7261 8431
1748 5217
6462 8057
1197 4076
5035 1731
975 362
5903 384
8588 8994
9412 8028
7770 6527
9478 2605
3372 4165
8366 3647
6014 1015
4100 7049
3379 4044
5973 5104
456 8904
1138 3042
6129 6300
9390 2714
5984 5700
1691 8911
7576 1945
7479 7440
7822 2426
104 675
9933 3425
4460 6189
7554 8848
4941 8881
4024 891
8990 9267
7219 561
2324 6624
1334 9313
4095 6584
4835 2088
8804 827
654 1416
8537 8166
5064 3279
9822 9974
9020 4055
1945 2425
5262 1073
9706 1191
6269 422
3833 5087
5519 1313
3370 5513
1502 1810
7198 2281
1194 6775
7125 4390
7213 4461
8260 4414
3716 4866
7535 5805
9594 7684
7542 4717
5296 8645
1195 8043
5879 441
1090 5718
9912 4540
9761 4534
6322 252
6606 1588
5726 4197
831 9386
1946 5738
4297 7529
9344 9383
2944 3746
4606 827
5358 743
1742 8563
5994 7397
7712 8559
1678 9195
460 765
8921 8741
6318 9030
6163 4384
2022 2296
9935 9316
5385 1686
9959 1608
4711 5981
2052 2176
2637 3604
3562 7726
4338 3401
9239 2974
2699 3612
3637 8935
8568 4821
3951 9143
3622 5424
5482 5477
8762 6852
4921 1138
3747 6698
4455 4262
2115 4025
7787 9075
5659 1308
9194 4450
8190 4993
2122 5782
3641 2258
2652 1174
8412 6813
3237 9211
9409 5683
1047 5188
4498 2367
586 2023
2211 8564
1721 1877
3984 2103
1758 785
9124 9355
4243 7911
6099 9889
439 2207
7552 2160
9508 3151
6353 9202
1914 6778
1670 2645
5666 6540
6284 7889
7214 4405
7674 2488
259 8710
1045 5739
9007 9044
7396 6041
1377 392
4668 465
8350 8395
2212 8894
3094 4457
5276 7005
9283 1013
3064 513
2787 8000
6838 2182
9705 1846
4430 2812
2146 1351
4944 9208
4672 6364
6450 9509
2130 7740
4601 1583
6579 8847
5627 4805
645 1934
1357 8481
8517 7041
495 2942
1132 9036
4985 1826
5849 2693
9034 4841
839 9327
7321 4796
8343 5617
2023 8696
6616 8742
1213 6298
9565 9248
6011 7249
5762 5909
8898 2185
2858 5173
5655 7156
184 9292
3388 665
4789 1088
4304 9178
5111 140
5309 1433
4932 2809
4019 3625
2287 1674
9708 8841
6568 6270
3365 2259
2146 3391
2142 2003
3851 9709
9723 9417
8165 5730
7087 1935
3435 9176
4092 6990
6879 2334
6648 7002
8431 5247
9081 4180
6207 466
6637 3358
39 2971
982 5475
2463 6195
5552 15
454 9259
6475 8382
3574 9827
7609 6384
2575 3741
9420 4043
